id,city,population,coordinates_x,coordinates_y
0,Aeugst am Albis,1941,8.4863301,47.2679489
1,Affoltern am Albis,12146,8.452151800000001,47.2782467
2,Bonstetten,5512,8.4670602,47.3154662
3,Hausen am Albis,3664,8.534235,47.2438769
4,Hedingen,3694,8.448975500000001,47.2984412
5,Kappel am Albis,1125,8.5251335,47.2288482
6,Knonau,2305,8.457307199999999,47.2251463
7,Maschwanden,641,8.4266177,47.2349836
8,Mettmenstetten,4886,8.4636702,47.243488
9,Obfelden,5356,8.4197059,47.2617701
10,Ottenbach,2569,8.406091499999999,47.28172
11,Rifferswil,1103,8.4971398,47.241563
12,Stallikon,3717,8.4901051,47.3269232
13,Wettswil am Albis,5112,8.47163445239988,47.33647455000001
14,Adlikon,665,8.6912556,47.5825032
15,Benken (ZH),858,8.655094217293257,47.65382545
16,Berg am Irchel,564,8.5959486,47.5679698
17,Buch am Irchel,971,8.6225138,47.5493153
18,Dachsen,1936,8.615053199999998,47.6661896
19,Dorf,687,8.647344,47.5720029
20,Feuerthalen,3641,8.64598,47.6914771
21,Flaach,1390,8.606075500000001,47.5754461
22,Flurlingen,1440,8.6272354,47.6860764
23,Andelfingen,2208,8.6794336,47.59533270000001
24,Henggart,2268,8.683572900000001,47.5632291
25,Humlikon,486,8.669568400000001,47.5762347
26,Kleinandelfingen,2076,8.686058099999999,47.5998043
27,Laufen-Uhwiesen,1668,8.6143402,47.67411370000001
28,Marthalen,1957,8.650158300000001,47.6257747
29,Oberstammheim,1197,8.798603199999997,47.6317749
30,Ossingen,1567,8.728337800000002,47.6128544
31,Rheinau,1299,8.6017575,47.64392479999999
32,Thalheim an der Thur,929,8.7538871,47.5786159
33,Trüllikon,1059,8.693290699999999,47.63778170000001
34,Truttikon,478,8.7276879,47.62960560000001
35,Unterstammheim,891,8.790719300000001,47.638955
36,Volken,342,8.6251185,47.57464570000001
37,Waltalingen,658,8.7790569,47.6219604
38,Bachenbülach,4114,8.5473259,47.5047036
39,Bassersdorf,11655,8.6299131,47.4435706
40,Bülach,19888,8.5407118,47.5172321
41,Dietlikon,7702,8.615597900000001,47.4222808
42,Eglisau,5188,8.5239827,47.5733207
43,Embrach,9432,8.5941089,47.5056384
44,Freienstein-Teufen,2376,8.5723023,47.5442834
45,Glattfelden,5190,8.500828199999999,47.559752
46,Hochfelden,1934,8.5160674,47.5225614
47,Höri,2738,8.5062644,47.5066543
48,Hüntwangen,1027,8.4925331,47.5954244
49,Kloten,19408,8.5861477,47.4525133
50,Lufingen,2381,8.594364500000001,47.4899328
51,Nürensdorf,5611,8.647075300000001,47.4492605
52,Oberembrach,1058,8.618542999999999,47.48763579999999
53,Opfikon,19978,8.5779983,47.4322671
54,Rafz,4483,8.5402669,47.6115934
55,Rorbas,2841,8.5771089,47.5303235
56,Wallisellen,15939,8.5919985,47.4166195
57,Wasterkingen,574,8.4707137,47.590058
58,Wil (ZH),1407,8.501552889515345,47.61019185
59,Winkel,4540,8.553857800000001,47.49333529999999
60,Bachs,593,8.439742599999999,47.5253778
61,Boppelsen,1373,8.4026156,47.4708527
62,Buchs (ZH),6315,8.4378662,47.458087
63,Dällikon,4118,8.4388272,47.43994179999999
64,Dänikon,1879,8.4057151,47.445933
65,Dielsdorf,5966,8.4543245,47.4810371
66,Hüttikon,930,8.3867919,47.44498400000001
67,Neerach,3151,8.4716,47.5112292
68,Niederglatt,4949,8.5030113,47.4918429
69,Niederhasli,9202,8.4858049,47.4812949
70,Niederweningen,3035,8.3785734,47.50504160000001
71,Oberglatt,6988,8.5203554,47.4768036
72,Oberweningen,1802,8.405698300000001,47.501261
73,Otelfingen,2842,8.3892173,47.460873
74,Regensberg,474,8.4374038,47.4827643
75,Regensdorf,18317,8.4680435,47.4317645
76,Rümlang,7968,8.529912199999998,47.4507163
77,Schleinikon,736,8.3971872,47.4971908
78,Schöfflisdorf,1405,8.4162027,47.4998561
79,Stadel,2280,8.467585,47.5280984
80,Steinmaur,3482,8.4555136,47.4989995
81,Weiach,1756,8.4375683,47.5565844
82,Bäretswil,5038,8.8580536,47.3360247
83,Bubikon,7200,8.819161300000003,47.26829229999999
84,Dürnten,7570,8.842203,47.2778545
85,Fischenthal,2512,8.922598800000003,47.3333136
86,Gossau (ZH),9968,8.760240300000001,47.3058847
87,Grüningen,3382,8.7613283,47.2819396
88,Hinwil,11199,8.841942300000003,47.3015316
89,Rüti (ZH),12157,8.860514995550666,47.25796705
90,Seegräben,1440,8.770957800000001,47.3421419
91,Wald (ZH),9815,8.915842921162469,47.28384715
92,Wetzikon (ZH),24513,8.806720909877221,47.3224956
93,Adliswil,18803,8.52491,47.3117624
94,Hirzel,2179,8.6089914,47.2167038
95,Horgen,20335,8.5976831,47.260692
96,Hütten,897,8.667935,47.1763059
97,Kilchberg (ZH),8470,8.548375046209625,47.3254261
98,Langnau am Albis,7533,8.52841433642509,47.28035815
99,Oberrieden,5090,8.5762195,47.2779101
100,Richterswil,13454,8.7017051,47.2091079
101,Rüschlikon,5853,8.5546421,47.307465
102,Schönenberg (ZH),1847,8.6415425,47.1937464
103,Thalwil,17857,8.563576199999998,47.2944325
104,Wädenswil,21792,8.6701365,47.2278988
105,Erlenbach (ZH),5576,8.591533027433156,47.30161125
106,Herrliberg,6308,8.6124721,47.2905574
107,Hombrechtikon,8620,8.7680277,47.2523354
108,Küsnacht (ZH),14307,8.610748956360002,47.3193652
109,Männedorf,10957,8.6918153,47.253174
110,Meilen,13999,8.641224900000001,47.270428
111,Oetwil am See,4762,8.721657,47.2703459
112,Stäfa,14435,8.734874699999999,47.2413349
113,Uetikon am See,6161,8.68316,47.269368
114,Zumikon,5142,8.623822800000001,47.3324061
115,Zollikon,12983,8.576126400000001,47.3395679
116,Fehraltorf,6416,8.7520123,47.3873705
117,Hittnau,3634,8.823370800000003,47.3682799
118,Lindau,5645,8.6722839,47.4426676
119,Pfäffikon,11864,8.781494434838272,47.36974975
120,Russikon,4367,8.776585,47.394837
121,Weisslingen,3303,8.7640975,47.43185020000001
122,Wila,1975,8.845367999999997,47.41998510000001
123,Wildberg,1000,8.816616699999997,47.4269269
124,Illnau-Effretikon,16975,8.715716576799185,47.43142195
125,Bauma,4939,8.879287300000003,47.3677633
126,Dübendorf,28141,8.6183023,47.3968244
127,Egg,8452,8.6884584,47.2990667
128,Fällanden,8606,8.6388635,47.37132379999999
129,Greifensee,5354,8.678669300000001,47.3662476
130,Maur,10170,8.669236900000001,47.3402856
131,Mönchaltorf,3735,8.7222749,47.31279
132,Schwerzenbach,5093,8.6523009,47.38150170000001
133,Uster,34516,8.7179221,47.3512065
134,Volketswil,18693,8.690503,47.3898617
135,Wangen-Brüttisellen,7883,8.649020390350707,47.41311565
136,Altikon,676,8.7808347,47.57339279999999
137,Brütten,2022,8.6753241,47.4731491
138,Dägerlen,1015,8.7217683,47.5605504
139,Dättlikon,782,8.622480699999999,47.5256653
140,Dinhard,1557,8.767814300000001,47.5557041
141,Elgg,4425,8.8662125,47.4945745
142,Ellikon an der Thur,902,8.827253901808508,47.5626311
143,Elsau,3631,8.801607800000003,47.5048298
144,Hagenbuch,1106,8.8882927,47.5205054
145,Hettlingen,3179,8.7095144,47.5467745
146,Hofstetten (ZH),500,8.8539141,47.4728326
147,Neftenbach,5553,8.668036500000001,47.528176
148,Pfungen,3851,8.6454232,47.5161123
149,Rickenbach (ZH),2671,8.79790166789087,47.55056075
150,Schlatt (ZH),735,8.819724349241323,47.47127370000001
151,Seuzach,7312,8.733834199999999,47.534596
152,Turbenthal,4761,8.848521,47.4368146
153,Winterthur,110912,8.7291498,47.4991723
154,Zell (ZH),5939,8.815793494682579,47.4493333
155,Wiesendangen,6380,8.788990400000001,47.521305100000006
156,Aesch (ZH),1348,8.439891099999999,47.33731270000001
157,Birmensdorf (ZH),6414,8.438215699999999,47.3538481
158,Dietikon,27079,8.4020894,47.4068827
159,Geroldswil,4943,8.4117744,47.4224047
160,Oberengstringen,6620,8.4626927,47.409141
161,Oetwil an der Limmat,2479,8.3964479,47.4278248
162,Schlieren,18760,8.444486099999999,47.3965147
163,Uitikon,4245,8.4530961,47.3705756
164,Unterengstringen,3804,8.4490943,47.4130929
165,Urdorf,9783,8.4259004,47.384708
166,Weiningen (ZH),4775,8.43408538340943,47.41978475
167,Zürich,409241,8.5423328,47.3723941
168,Corgémont,1668,7.144781599999999,47.1947486
169,Cormoret,486,7.0529541,47.1720786
170,Cortébert,705,7.1075979999999985,47.1903025
171,Courtelary,1391,7.0703235,47.1785533
172,La Ferrière,542,6.8930482999999985,47.1425078
173,Mont-Tramelan,118,7.052334599999999,47.20672020000001
174,Orvin,1204,7.212695,47.1606885
175,Renan (BE),923,6.9049063454138375,47.1106604
176,Romont (BE),188,7.328795072825918,47.19851785
177,Saint-Imier,5156,6.997196700000001,47.151775
178,Sonceboz-Sombeval,1944,7.1705782000000005,47.196788700000006
179,Sonvilier,1240,6.9665391,47.1390852
180,Tramelan,4595,7.1030216,47.223677
181,Villeret,924,7.0177694000000015,47.1582838
182,Sauge,816,7.2872914103157616,47.188013700000006
183,Péry-La Heutte,1933,7.238028528817573,47.1935675
184,Belprahon,298,7.4059657,47.2828128
185,Champoz,168,7.2991767,47.2553622
186,Corcelles (BE),201,7.4556693,47.2857616
187,Court,1427,7.337078999999999,47.2398992
188,Crémines,519,7.441418799999999,47.28331170000001
189,Eschert,389,7.3982725999999985,47.27548839999999
190,Grandval,393,7.4270688,47.2834765
191,Loveresse,325,7.2356474,47.2424177
192,Moutier,7477,7.3704192,47.27961420000001
193,Perrefitte,460,7.342831200000001,47.2753454
194,Reconvilier,2308,7.2247648,47.23577120000001
195,Roches (BE),196,7.384761666666666,47.30366085
196,Saicourt,626,7.2072535,47.24361029999999
197,Saules (BE),153,7.218926,47.2449404
198,Schelten,34,7.55302,47.331277
199,Seehof,63,7.5182356,47.3050258
200,Sorvilier,279,7.3048075,47.238703
201,Tavannes,3626,7.198669099999999,47.220131
202,Rebévelier,42,7.1918312,47.2913008
203,Petit-Val,408,7.233486351338833,47.2724052
204,Valbirse,4017,7.272459480965158,47.2386586
205,La Neuveville,3698,7.0927997000000005,47.0637688
206,Nods,761,7.081827499999998,47.1130122
207,Plateau de Diesse,2067,7.124486795114585,47.11366305
208,Biel/Bienne,54640,7.243902900000001,47.14020770000001
209,Evilard,2638,7.239571099999999,47.1494705
210,Lengnau (BE),5195,7.3661348,47.1820974
211,Meinisberg,1309,7.3463905,47.1593731
212,Pieterlen,4225,7.3361682,47.1750219
213,Aegerten,2052,7.2884966,47.1202408
214,Bellmund,1647,7.2467743,47.1071376
215,Brügg,4287,8.2085662,47.4824633
216,Ipsach,3996,7.232952799999999,47.1118789
217,Ligerz,566,7.1358527,47.0844684
218,Mörigen,891,7.2137984,47.0846116
219,Nidau,6827,7.241157,47.1250287
220,Orpund,2734,7.303145,47.13979000000001
221,Port,3624,7.254222099999999,47.1150291
222,Safnern,1903,7.322072,47.1500659
223,Scheuren,447,8.6606431,47.3225026
224,Schwadernau,673,7.3044152,47.1290187
225,Sutz-Lattrigen,1382,7.2149985,47.098806
226,Twann-Tüscherz,1134,7.171505318478519,47.11258065
227,Aarberg,4581,7.2753004,47.0443346
228,Bargen (BE),1009,7.2641407,47.0376374
229,Grossaffoltern,3032,7.360891900000001,47.0667831
230,Kallnach,1902,7.2363159,47.0205806
231,Kappelen,1408,7.2672940000000015,47.06070029999999
232,Lyss,14887,7.305262,47.0721368
233,Radelfingen,1266,7.2730856,47.0219382
234,Rapperswil (BE),2659,7.4103359,47.0628191
235,Schüpfen,3752,7.3778982000000015,47.0394266
236,Seedorf (BE),3113,7.3116588,47.0351085
237,Arch,1573,7.4290584000000015,47.1671132
238,Büetigen,860,7.3410348,47.1055937
239,Büren an der Aare,3610,7.375858253463178,47.1418518
240,Diessbach bei Büren,990,7.364524738967521,47.10675305
241,Dotzigen,1492,7.3413724,47.119702
242,Leuzigen,1254,7.4585386,47.1746607
243,Meienried,53,7.3379717000000015,47.1400764
244,Oberwil bei Büren,856,7.410078717541787,47.13210385
245,Rüti bei Büren,846,7.413081674633474,47.1512632
246,Wengi,617,7.400060300000002,47.0837858
247,Brüttelen,587,7.148366,47.0229548
248,Erlach,1427,7.0975115,47.0433028
249,Finsterhennen,560,7.1808763,47.0232169
250,Gals,800,7.048625200000001,47.0270607
251,Gampelen,973,7.0574393,47.0142261
252,Ins,3536,7.105647200000001,47.0058984
253,Lüscherz,545,7.1511459,47.0459222
254,Müntschemier,1396,7.144238400000001,46.9961633
255,Siselen,574,7.1882602,47.0325112
256,Treiten,420,7.162389200000002,47.0088429
257,Tschugg,446,7.0764462,47.0263361
258,Vinelz,860,7.1104574000000005,47.0328313
259,Bühl,448,7.244314200000002,47.0712881
260,Epsach,323,7.219802499999999,47.06903
261,Hagneck,409,7.187049900000001,47.0569331
262,Hermrigen,314,7.2429219,47.0818792
263,Jens,666,7.263621400000001,47.0989891
264,Merzligen,400,7.2494027,47.0886495
265,Studen (BE),3278,7.3012333,47.1115124
266,Täuffelen,2821,7.1993363,47.0683128
267,Walperswil,1008,7.2268525,47.0597836
268,Worben,2266,7.29635,47.100636
269,Aarwangen,4514,7.770146799999999,47.239082
270,Auswil,447,7.83405,47.132304
271,Bannwil,681,7.7365599,47.2384563
272,Bleienbach,697,7.756120200000002,47.18565510000001
273,Busswil bei Melchnau,188,7.83083035935062,47.187617700000004
274,Gondiswil,731,7.8718925,47.144579
275,Langenthal,15639,7.8055753,47.21717520000001
276,Lotzwil,2555,7.789605499999999,47.1903503
277,Madiswil,3279,7.796815299999999,47.1648367
278,Melchnau,1536,7.851809299999998,47.1824376
279,Obersteckholz,412,7.8167121,47.1988034
280,Oeschenbach,240,7.7527439,47.1150262
281,Reisiswil,177,7.845295200000002,47.1643499
282,Roggwil (BE),4051,7.823077400000002,47.241147
283,Rohrbach,1469,7.8133431,47.1363934
284,Rohrbachgraben,397,7.798386200000001,47.1183746
285,Rütschelen,564,7.773869900000001,47.17322120000001
286,Schwarzhäusern,517,7.7669632,47.2524066
287,Thunstetten,3320,7.758287299999999,47.2023549
288,Ursenbach,905,7.771173399999999,47.1369017
289,Wynau,1630,7.8127574000000015,47.2585983
290,Eriswil,1399,7.8501785,47.0776383
291,Huttwil,4836,7.8455436,47.1147419
292,Walterswil (BE),554,7.7768008,47.1126558
293,Wyssachen,1161,7.8241527999999985,47.0833722
294,Attiswil,1451,7.6133080999999985,47.2492334
295,Berken,43,7.7108261,47.2280236
296,Bettenhausen,637,7.7105281,47.1733944
297,Farnern,205,7.622904099999999,47.2674009
298,Graben,332,7.7217261,47.2191925
299,Heimenhausen,1115,7.6987725,47.2082933
300,Herzogenbuchsee,7140,7.7057052,47.1881314
301,Inkwil,607,7.6720934,47.2009518
302,Niederbipp,4717,7.693334299999999,47.2684936
303,Niederönz,1675,7.6918687000000014,47.1847203
304,Oberbipp,1733,7.6610534,47.2613485
305,Ochlenberg,563,7.7357217,47.1501818
306,Rumisberg,487,7.641201799999998,47.263451
307,Seeberg,1545,7.6625354,47.154563
308,Thörigen,1127,7.7287365,47.1733314
309,Walliswil bei Niederbipp,221,7.6917868,47.2356714
310,Walliswil bei Wangen,601,7.685102799999999,47.2311037
311,Wangen an der Aare,2301,7.65517,47.2353036
312,Wangenried,431,7.6586062,47.216958700000006
313,Wiedlisbach,2317,7.647104899999999,47.2524377
314,Wolfisberg,179,7.6612053,47.2729722
315,Aefligen,1091,7.5572205000000015,47.09468070000001
316,Alchenstorf,579,7.638851400000001,47.12429960000001
317,Burgdorf,16280,7.6237466,47.0571316
318,Ersigen,2068,7.5962823,47.0945001
319,Hasle bei Burgdorf,3350,7.645094204173037,47.003261
320,Heimiswil,1621,7.6572587,47.0625989
321,Hellsau,209,7.6487623,47.1462586
322,Hindelbank,2495,7.538305800000002,47.0418711
323,Höchstetten,278,7.6322713,47.1431552
324,Kernenried,531,7.5487983,47.0717509
325,Kirchberg (BE),5940,7.5815131,47.0851733
326,Koppigen,2092,7.6015229999999985,47.1318304
327,Krauchthal,2333,7.566987299999999,47.0080399
328,Lyssach,1424,7.5819291,47.0650881
329,Mötschwil,127,7.5686179,47.0495151
330,Oberburg,2917,7.6256482,47.0389996
331,Rüdtligen-Alchenflüh,2396,7.569656974756183,47.0844316
332,Rumendingen,77,7.643035799999999,47.1055366
333,Rüti bei Lyssach,166,7.577917200000001,47.0555395
334,Willadingen,207,7.615165299999999,47.14573789999999
335,Wynigen,2043,7.6685431,47.1075375
336,Bätterkinden,3246,7.5398907999999984,47.1317799
337,Utzenstorf,4295,7.5577607,47.1293896
338,Wiler bei Utzenstorf,910,7.557265291020294,47.15320345
339,Zielebach,323,7.5771527,47.158294
340,Eggiwil,2455,7.7974921,46.8752245
341,Langnau im Emmental,9419,7.804451218658552,46.95464615
342,Lauperswil,2629,7.741816900000001,46.9644914
343,Röthenbach im Emmental,1184,7.74985659855788,46.845255
344,Rüderswil,2363,7.7226944,46.9829468
345,Schangnau,897,7.861067299999998,46.8277309
346,Signau,2694,7.7255918,46.9188975
347,Trub,1353,7.878947,46.9417628
348,Trubschachen,1444,7.846683199999998,46.9228891
349,Affoltern im Emmental,1133,7.7347226424157824,47.06920885
350,Dürrenroth,1062,7.7895895999999984,47.0902206
351,Lützelflüh,4165,7.6886004,47.0093461
352,Rüegsau,3256,7.672670299999999,47.0252174
353,Sumiswald,5044,7.7449828,47.0285646
354,Trachselwald,961,7.738614900000001,47.01678270000001
355,Meikirch,2499,7.3634614,47.00886550000001
356,Bern,133798,7.4514512,46.9482713
357,Bolligen,6260,7.4983298,46.9755611
358,Bremgarten bei Bern,4420,7.434169535061536,46.978194
359,Kirchlindach,3004,7.414219900000001,46.9997073
360,Köniz,41507,7.413058199999999,46.9222385
361,Muri bei Bern,13058,7.499724346609361,46.933299100000006
362,Oberbalm,869,7.402636599999999,46.8730782
363,Stettlen,3105,7.5247769,46.95925510000001
364,Vechigen,5242,7.562916,46.94941
365,Wohlen bei Bern,9215,7.347797558280897,46.98213035
366,Zollikofen,10314,7.4576417,46.9959463
367,Ittigen,11335,7.481521300000002,46.9790726
368,Ostermundigen,17546,7.4911242,46.9582779
369,Bäriswil,1065,7.52538,47.0186014
370,Deisswil bei Münchenbuchsee,74,7.4531702196667995,47.0385042
371,Diemerswil,202,7.428221799999998,47.019483
372,Fraubrunnen,5037,7.5253953,47.0861903
373,Jegenstorf,5697,7.5085719,47.0498143
374,Iffwil,444,7.478273700000001,47.064842
375,Mattstetten,573,7.5138515,47.030126
376,Moosseedorf,4114,7.4839011,47.016365500000006
377,Münchenbuchsee,10079,7.451919599999999,47.0213315
378,Urtenen-Schönbühl,6222,7.503365640336424,47.01952495
379,Wiggiswil,102,7.4686887,47.03035379999999
380,Zuzwil (BE),572,7.4715761,47.0514104
381,Arni (BE),935,7.6635717396387015,46.9341523
382,Biglen,1814,7.6278668,46.9263129
383,Bowil,1360,7.6949602,46.8930567
384,Brenzikofen,488,7.616377000000001,46.815044
385,Freimettigen,473,7.627772900000001,46.8677101
386,Grosshöchstetten,3555,7.6385085,46.9079431
387,Häutligen,253,7.6055227,46.85721470000001
388,Herbligen,600,7.6081438,46.8274681
389,Kiesen,989,7.584815400000001,46.8195399
390,Konolfingen,5292,7.620984599999999,46.879415
391,Landiswil,628,7.6782496,46.9581663
392,Linden,1281,7.6771267,46.8484982
393,Mirchel,630,7.6481259,46.8951988
394,Münsingen,12533,7.5631943,46.8739775
395,Niederhünigen,614,7.6387344,46.8772662
396,Oberdiessbach,3523,7.6192848,46.83999620000001
397,Oberthal,731,7.677210437848531,46.9221153
398,Oppligen,644,7.5955418,46.8199569
399,Rubigen,2924,7.5445171,46.898862
400,Schlosswil,630,7.6074321,46.9084538
401,Walkringen,1782,7.6204553,46.9474375
402,Worb,11394,7.5645522,46.9308618
403,Zäziwil,1628,7.661130900000002,46.9010154
404,Oberhünigen,308,7.6630774000000015,46.8796454
405,Allmendingen,579,7.523975999999998,46.9137006
406,Wichtrach,4318,7.578341900000002,46.8457306
407,Clavaleyres,46,7.090773,46.8995207
408,Ferenbalm,1241,7.2109008,46.9488327
409,Frauenkappelen,1235,7.3356617,46.9534091
410,Golaten,305,7.2442159,46.9863452
411,Gurbrü,246,7.2164888,46.9649783
412,Kriechenwil,420,7.222791,46.910791
413,Laupen,3093,7.239642,46.9033021
414,Mühleberg,2974,7.2615937000000015,46.9533705
415,Münchenwiler,514,7.1255085000000005,46.9124813
416,Neuenegg,5543,7.303441599999998,46.895472
417,Wileroltigen,357,7.2387144,46.9707682
418,Guggisberg,1539,7.329577900000001,46.76751779999999
419,Rüschegg,1630,7.4036704,46.7712929
420,Schwarzenburg,6827,7.3411883,46.8179164
421,Belp,11439,7.498388,46.88978
422,Gelterfingen,303,7.5168205000000015,46.8416185
423,Gerzensee,1194,7.5431319,46.8380937
424,Jaberg,269,7.569789,46.81818120000001
425,Kaufdorf,1085,7.4982289999999985,46.83793789999999
426,Kehrsatz,4263,7.4731844,46.9119427
427,Kirchdorf (BE),977,7.5483898,46.8198653
428,Kirchenthurnen,273,7.5018898,46.8233157
429,Lohnstorf,225,7.5097537,46.8070709
430,Mühledorf (BE),261,7.538574799999999,46.8288719
431,Mühlethurnen,1378,7.509628200000001,46.8140615
432,Niedermuhlern,499,7.4643067,46.8622943
433,Noflen,300,7.545757000000001,46.8057959
434,Riggisberg,2491,7.4798275,46.8106696
435,Rüeggisberg,1789,7.439710000000002,46.8214813
436,Rümligen,440,7.4960993,46.8307674
437,Toffen,2557,7.491931,46.859652
438,Wald (BE),1171,7.460580515250517,46.88018035
439,Reutigen,983,7.6237119999999985,46.69427279999999
440,Stocken-Höfen,1004,7.573627352604565,46.7121461
441,Burgistein,1092,7.500478,46.7913175
442,Gurzelen,829,7.531650999999999,46.7793311
443,Seftigen,2191,7.539636200000001,46.7887815
444,Uttigen,2070,7.579181,46.7937156
445,Wattenwil,2895,7.5076613,46.7691764
446,Amsoldingen,828,7.5814651,46.7280729
447,Blumenstein,1227,7.5208259,46.7412152
448,Buchholterberg,1552,7.685568582402098,46.819366650000006
449,Eriz,490,7.798842999999999,46.78758
450,Fahrni,788,7.6559089999999985,46.794007
451,Heiligenschwendi,682,7.684589999999999,46.750388
452,Heimberg,6765,7.6059350000000014,46.7871081
453,Hilterfingen,4072,7.6591147,46.7357185
454,Homberg,523,7.682735000000001,46.775266
455,Horrenbach-Buchen,226,7.776072,46.77483400000001
456,Oberhofen am Thunersee,2415,7.6744793776452624,46.73021965
457,Oberlangenegg,475,7.734264,46.799803
458,Pohlern,257,7.5379448,46.724441
459,Schwendibach,249,7.658442999999999,46.76915200000001
460,Sigriswil,4788,7.716069900000001,46.7164293
461,Steffisburg,15816,7.635419500000001,46.7774738
462,Teuffenthal (BE),165,7.7106868,46.7689277
463,Thierachern,2401,7.5750016,46.7542844
464,Thun,43743,7.628086,46.7582827
465,Uebeschi,685,7.5542435,46.7388386
466,Uetendorf,5950,7.569395,46.774144
467,Unterlangenegg,987,7.6991429999999985,46.7968658
468,Wachseldorn,234,7.7241386,46.81847970000001
469,Zwieselberg,324,7.6167522,46.70914000000001
470,Forst-Längenbühl,778,7.542214462925881,46.761387299999996
471,Boltigen,1270,7.3907814,46.6295364
472,Lenk,2336,7.441697599999999,46.45588789999999
473,St. Stephan,1332,7.3961417,46.508715
474,Zweisimmen,3030,7.3738058,46.553261
475,Gsteig,978,7.267325299999999,46.3855821
476,Lauenen,829,7.3223985,46.4247066
477,Saanen,6901,7.2615837,46.489756
478,Adelboden,3371,7.5587618,46.4927213
479,Aeschi bei Spiez,2285,7.758511371040718,46.6260794
480,Frutigen,6917,7.6444369,46.5874205
481,Kandergrund,780,7.661496799999999,46.54373920000001
482,Kandersteg,1301,7.675663799999999,46.49758660000001
483,Krattigen,1128,7.7256121,46.660973
484,Reichenbach im Kandertal,3616,7.7587267281138335,46.5710892
485,Därstetten,862,7.4929797,46.65896710000001
486,Diemtigen,2200,7.5665714999999985,46.6496866
487,Erlenbach im Simmental,1733,7.539729391628977,46.65611145
488,Oberwil im Simmental,797,7.437637389123211,46.65054285
489,Spiez,12707,7.6774655,46.6919473
490,Wimmis,2446,7.6368102,46.6734323
491,Beatenberg,1208,7.7832789999999985,46.6932513
492,Bönigen,2512,7.8949281,46.6887343
493,Brienz (BE),3120,8.051003909670403,46.730728000000006
494,Brienzwiler,494,8.1021125,46.7501194
495,Därligen,429,7.809416499999998,46.6606497
496,Grindelwald,3775,8.0367462,46.62427329999999
497,Gsteigwiler,405,7.874646,46.6536378
498,Gündlischwand,324,7.9069325,46.6330093
499,Habkern,643,7.8646663,46.72760460000001
500,Hofstetten bei Brienz,531,8.079474094291776,46.764892
501,Interlaken,5592,7.858513900000001,46.68552310000001
502,Iseltwald,441,7.9634570999999985,46.7104598
503,Lauterbrunnen,2350,7.9078016,46.59390429999999
504,Leissigen,1079,7.7738604,46.6540687
505,Lütschental,219,7.947553,46.638529
506,Matten bei Interlaken,4071,7.865812489980426,46.6755076
507,Niederried bei Interlaken,348,7.925977656926486,46.72392095
508,Oberried am Brienzersee,476,7.961953200000001,46.737475
509,Ringgenberg (BE),2663,7.892560647459253,46.7086915
510,Saxeten,100,7.832758599999999,46.63702429999999
511,Schwanden bei Brienz,603,8.054822686813012,46.7696073
512,Unterseen,5712,7.849636900000001,46.6871654
513,Wilderswil,2672,7.8629948,46.66339470000001
514,Guttannen,266,8.2904509,46.655228
515,Hasliberg,1183,8.2052569,46.73790560000001
516,Innertkirchen,1076,8.237649291825363,46.686639
517,Meiringen,4690,8.1870934,46.7285518
518,Schattenhalb,560,8.1921668,46.71741
519,Luzern,81401,8.3054682,47.0505452
520,Adligenswil,5343,8.368244,47.070535
521,Buchrain,6116,8.3472568,47.0941034
522,Dierikon,1503,8.3692841,47.0969574
523,Ebikon,13531,8.338521,47.0812067
524,Gisikon,1331,8.4006518,47.1262971
525,Greppen,1075,8.430604400000002,47.054825
526,Honau,391,8.4065981,47.1307597
527,Horw,13915,8.310779700000001,47.0185008
528,Kriens,26997,8.280799400000001,47.034146
529,Malters,7231,8.1830555,47.03839960000001
530,Meggen,7138,8.3733992,47.0470746
531,Meierskappel,1369,8.4435423,47.12396320000001
532,Root,4995,8.3911091,47.1153443
533,Schwarzenberg,1690,8.1734674,47.014593700000006
534,Udligenswil,2279,8.399689,47.091036
535,Vitznau,1381,8.484656900000001,47.0091184
536,Weggis,4404,8.4346408,47.0322545
537,Aesch (LU),1205,8.235900334911072,47.25914475
538,Altwis,438,8.251632,47.238495
539,Ballwil,2786,8.3185717,47.1521716
540,Emmen,30682,8.2839456,47.0752429
541,Ermensee,984,8.2409195,47.2282246
542,Eschenbach (LU),3589,8.317969,47.1330227
543,Hitzkirch,5201,8.2632119,47.2250438
544,Hochdorf,9832,8.2899709,47.1665361
545,Hohenrain,2474,8.315642500000001,47.17974570000001
546,Inwil,2557,8.3508443,47.1220031
547,Rain,2770,8.259139999999999,47.1311133
548,Römerswil,1769,8.2441972,47.1689309
549,Rothenburg,7571,8.2724174,47.0940041
550,Schongau,1044,8.266171700000001,47.2677484
551,Beromünster,6478,8.1924386,47.2076373
552,Büron,2444,8.0946583,47.2142552
553,Buttisholz,3287,8.0935047,47.1139601
554,Eich,1632,8.169308000000001,47.15713
555,Geuensee,2911,8.1095256,47.2002101
556,Grosswangen,3273,8.0491183,47.1322635
557,Hildisrieden,2275,8.2266792,47.15136070000001
558,Knutwil,2182,8.070364,47.199397
559,Mauensee,1488,8.0670726,47.1684849
560,Neuenkirch,7104,8.2029897,47.1002397
561,Nottwil,3848,8.1318599,47.1378546
562,Oberkirch,4679,8.1144611,47.1561141
563,Rickenbach (LU),3254,8.1535369,47.221267
564,Ruswil,6856,8.126227,47.0839416
565,Schenkon,2862,8.134902,47.177492
566,Schlierbach,878,8.1109581,47.2241354
567,Sempach,4128,8.1920262,47.1353737
568,Sursee,9900,8.1089654,47.17403710000001
569,Triengen,4652,8.0767478,47.2351967
570,Alberswil,655,8.0013407,47.1506183
571,Altbüron,1025,7.882630000000002,47.1816
572,Altishofen,1572,7.961177,47.200914
573,Dagmersellen,5369,8.013841700754428,47.21285200000001
574,Ebersecken,386,7.9316100999999986,47.1829614
575,Egolzwil,1483,8.0056254,47.1859718
576,Ettiswil,2691,8.015066800000001,47.1483925
577,Fischbach,706,7.905574,47.151788
578,Gettnau,1151,7.9684144,47.140002
579,Grossdietwil,863,7.887705,47.170687
580,Hergiswil bei Willisau,1908,7.9575516,47.08443370000001
581,Luthern,1295,7.913940299999998,47.05706729999999
582,Menznau,2902,8.040131,47.0838106
583,Nebikon,2645,7.973802,47.18965
584,Pfaffnau,2668,7.898422900000001,47.22737160000001
585,Reiden,7038,7.9730383,47.2460194
586,Roggliswil,688,7.8827159,47.2111654
587,Schötz,4396,7.9884821,47.1698443
588,Ufhusen,903,7.8955614,47.11663529999999
589,Wauwil,2177,8.026173,47.184353
590,Wikon,1525,7.967599499999999,47.2628109
591,Zell (LU),2004,7.925856583705001,47.13513315
592,Willisau,7825,7.9965899999999985,47.1215184
593,Doppleschwand,786,8.055311099999999,47.0180974
594,Entlebuch,3315,8.064562200000001,46.9922358
595,Flühli,1956,8.01564,46.8840067
596,Hasle (LU),1752,8.0526728,46.9796105
597,Romoos,670,8.0282996,47.0115225
598,Schüpfheim,4181,8.017953,46.9517174
599,Werthenstein,2115,8.101815700000001,47.0553684
600,Escholzmatt-Marbach,4358,7.917651101622754,46.89043145
601,Wolhusen,4375,8.0725617,47.0580138
602,Altdorf (UR),9273,8.641392199999999,46.8820732
603,Andermatt,1354,8.5948148,46.6340499
604,Attinghausen,1711,8.6288119,46.86171829999999
605,Bauen,168,8.579545699999999,46.9353529
606,Bürglen (UR),3982,8.6633076,46.8750762
607,Erstfeld,3781,8.6499636,46.8215088
608,Flüelen,1975,8.6253481,46.9027239
609,Göschenen,462,8.588703,46.6676488
610,Gurtnellen,558,8.6281646,46.7376202
611,Hospental,191,8.5685985,46.61894520000001
612,Isenthal,494,8.562013,46.9102462
613,Realp,151,8.5020509,46.59884570000001
614,Schattdorf,5382,8.6509309,46.8636973
615,Seedorf (UR),1804,8.6115834,46.88216129999999
616,Seelisberg,679,8.5858121,46.977964
617,Silenen,1991,8.669502099999999,46.79213729999999
618,Sisikon,364,8.621101800000002,46.949336
619,Spiringen,843,8.7276236,46.8727208
620,Unterschächen,714,8.7703521,46.8631124
621,Wassen,422,8.5995804,46.7068488
622,Einsiedeln,15550,8.7500299,47.1286095
623,Gersau,2279,8.5264727,46.9923
624,Feusisberg,5272,8.7486302,47.1867433
625,Freienbach,16269,8.7598816,47.204411
626,Wollerau,7101,8.7194595,47.1957261
627,Küssnacht (SZ),12845,8.4386308,47.08385
628,Altendorf,6926,8.829498300000003,47.1916374
629,Galgenen,5231,8.874241099999997,47.1815904
630,Innerthal,177,8.918348199999997,47.1055139
631,Lachen,8617,8.852383300000003,47.1923827
632,Reichenburg,3633,8.9754615,47.1691793
633,Schübelbach,9167,8.9287461,47.1726731
634,Tuggen,3317,8.942479400000002,47.2022792
635,Vorderthal,1025,8.900863099999997,47.1220234
636,Wangen (SZ),5011,8.88843614874322,47.19491370000001
637,Alpthal,613,8.7138911,47.0734939
638,Arth,11877,8.523867300000001,47.0644551
639,Illgau,797,8.725957699999999,46.9889935
640,Ingenbohl,8856,8.615022699999999,47.0007581
641,Lauerz,1081,8.585643600000001,47.03141220000001
642,Morschach,1103,8.6191516,46.9821204
643,Muotathal,3515,8.7658029,46.974668
644,Oberiberg,888,8.783416099999998,47.03917670000001
645,Riemenstalden,88,8.6649487,46.9470789
646,Rothenthurm,2395,8.6748441,47.1047258
647,Sattel,1946,8.6335265,47.0809852
648,Schwyz,15000,8.653559800000002,47.0211848
649,Steinen,3355,8.6108291,47.0500549
650,Steinerberg,954,8.5864716,47.0561792
651,Unteriberg,2413,8.8035271,47.0598018
652,Alpnach,6024,8.273682899999999,46.9411661
653,Engelberg,4155,8.4043996,46.8223497
654,Giswil,3651,8.1880027,46.838175
655,Kerns,6295,8.2753475,46.90081110000001
656,Lungern,2122,8.160728299999999,46.78572970000001
657,Sachseln,5092,8.2392021,46.8688851
658,Sarnen,10236,8.2461492,46.8956729
659,Beckenried,3654,8.4744947,46.9664078
660,Buochs,5409,8.4205883,46.97399779999999
661,Dallenwil,1814,8.3911486,46.933072
662,Emmetten,1401,8.512841400000001,46.95656629999999
663,Ennetbürgen,4698,8.4128263,46.9851867
664,Ennetmoos,2147,8.3374027,46.9569495
665,Hergiswil (NW),5715,8.3104542,46.9840938
666,Oberdorf (NW),3133,8.399262690181345,46.9439481
667,Stans,8411,8.3661026,46.9570611
668,Stansstad,4494,8.3373667,46.979741
669,Wolfenschiessen,2093,8.3954757,46.9080603
670,Glarus Nord,18247,9.079663491860467,47.1066686
671,Glarus Süd,9581,9.092778202365539,46.9185092
672,Glarus,12521,9.0674041,47.0422116
673,Baar,24322,8.5253985,47.1951976
674,Cham,16571,8.4611036,47.1823761
675,Hünenberg,8824,8.425964800000001,47.1751834
676,Menzingen,4499,8.5899339,47.178291
677,Neuheim,2245,8.575113400000001,47.204646
678,Oberägeri,6059,8.613273199999998,47.1347395
679,Risch,10515,8.451007703122551,47.14226175
680,Steinhausen,9875,8.4860144,47.1975084
681,Unterägeri,8689,8.584483,47.1374124
682,Walchwil,3617,8.514777800000001,47.1005277
683,Zug,30205,8.517365199999999,47.1679898
684,Châtillon (FR),462,6.8289185,46.83281210000001
685,Cheiry,412,6.8361997,46.750588
686,Cugy (FR),1729,6.885849605405723,46.81030105
687,Fétigny,1044,6.913999499999999,46.7964416
688,Gletterens,1051,6.9375532999999985,46.8953435
689,Lully (FR),1161,6.84968722967713,46.82279825000001
690,Ménières,415,6.880834299999999,46.7830908
691,Montagny (FR),2536,6.986444382978723,46.8046623
692,Nuvilly,424,6.830987,46.7830428
693,Prévondavaux,70,6.793551400000001,46.7277349
694,Saint-Aubin (FR),1755,6.9824730476278125,46.8913519
695,Sévaz,293,6.8746273,46.8382703
696,Surpierre,715,6.8607883,46.7445749
697,Vallon,436,6.951657000000001,46.882477
698,Les Montets,1439,6.849962243800802,46.81029245
699,Delley-Portalban,1107,6.960083105018188,46.91159445
700,Belmont-Broye,5425,7.005465545379701,46.84858320000001
701,Estavayer,9494,6.886525525784173,46.85385975
702,Cheyres-Châbles,2278,6.796755564193855,46.81303865
703,Auboranges,285,6.805051,46.582484
704,Billens-Hennens,757,6.891155069229818,46.68703185
705,Chapelle (Glâne),278,6.83763427628221,46.58757235
706,Le Châtelard,378,6.9779194,46.6775844
707,Châtonnaye,825,6.938321000000001,46.752828
708,Ecublens (FR),344,6.8089033,46.61073029999999
709,Grangettes,199,6.962082400000001,46.6783349
710,Massonnens,527,6.9753479999999985,46.6991888
711,Mézières (FR),1076,6.932761603780151,46.68656615
712,Montet (Glâne),391,6.816390953051792,46.63970070000001
713,Romont (FR),5304,6.923026148648533,46.6986114
714,Rue,1505,6.8215209,46.6198391
715,Siviriez,2199,6.8769946,46.6576782
716,Ursy,3079,6.8359644,46.6350125
717,Villaz-Saint-Pierre,1330,6.957095,46.720649
718,Vuisternens-devant-Romont,2287,6.93337660491701,46.654275
719,Villorsonnens,1384,6.996098875719865,46.70734955
720,Torny,933,6.9653043000000014,46.770835
721,La Folliaz,982,6.9557083,46.7357871
722,Haut-Intyamon,1542,7.0602291,46.5210722
723,Pont-en-Ogoz,1807,7.076734627695863,46.6881639
724,Botterens,568,7.112302400000001,46.6179671
725,Broc,2652,7.0989913,46.6044669
726,Bulle,22709,7.0581152000000005,46.6190969
727,Châtel-sur-Montsalvens,285,7.129069800000001,46.6139677
728,Corbières,877,7.1077166,46.65827270000001
729,Crésuz,342,7.140824,46.6199886
730,Echarlens,804,7.0758958,46.646575
731,Grandvillard,830,7.084966400000001,46.5392932
732,Gruyères,2203,7.0826682,46.5838003
733,Hauteville,652,7.1083702,46.6696479
734,Jaun,659,7.276131200000001,46.6113953
735,Marsens,1913,7.064091900000001,46.6556713
736,Morlon,595,7.085386200000001,46.6258516
737,Le Pâquier (FR),1309,7.054798007229151,46.59357865
738,Pont-la-Ville,599,7.1110228000000015,46.6990292
739,Riaz,2627,7.061629099999998,46.640249
740,La Roche,1707,7.1393476,46.69665820000001
741,Sâles,1423,6.9743823,46.6366262
742,Sorens,1087,7.0612165,46.6701619
743,Vaulruz,1060,6.9882518,46.62079420000001
744,Vuadens,2317,7.0233135,46.6174394
745,Bas-Intyamon,1387,7.0966531064961815,46.56277255
746,Val-de-Charmey,2477,7.197837087739463,46.61839395
747,Arconciel,916,7.1227813,46.7459947
748,Autigny,793,7.0200732000000015,46.73704650000001
749,Avry,1880,7.0708826,46.7877054
750,Belfaux,3338,7.093193174038063,46.8308394
751,Chénens,858,7.0023814,46.74087960000001
752,Corminboeuf,2563,7.105248599999999,46.8116318
753,Corserey,422,6.9922571,46.7731527
754,Cottens (FR),1497,7.032669599999998,46.7521088
755,Ependes (FR),1111,7.145877400000002,46.7542193
756,Ferpicloz,283,7.1643978000000015,46.7468308
757,Fribourg,38521,7.1512891000000005,46.8030044
758,Givisiez,3199,7.1295693,46.81450529999999
759,Granges-Paccot,3686,7.1441932,46.8239731
760,Grolley,1947,7.0668617,46.8331166
761,Marly,8201,7.159683800000002,46.7788191
762,Matran,1523,7.0973405,46.7861706
763,Neyruz (FR),2593,7.062231055672357,46.7661298
764,Noréaz,695,7.0282589999999985,46.8021303
765,Pierrafortscha,154,7.1854704,46.7869181
766,Ponthaux,727,7.043189900000002,46.8159375
767,Le Mouret,3134,7.1718164999999985,46.7487136
768,Prez-vers-Noréaz,1109,7.0150524,46.7858567
769,Senèdes,158,7.142067699999999,46.74241660000001
770,Treyvaux,1448,7.1364409,46.7274425
771,Villars-sur-Glâne,12114,7.116189200000001,46.791321
772,Villarsel-sur-Marly,85,7.176703982759526,46.76123685
773,Hauterive (FR),2513,7.098573149543087,46.76534785
774,La Brillaz,2028,7.016702,46.765379
775,La Sonnaz,1129,7.119254400000001,46.8349258
776,Gibloux,7306,7.0603348215250055,46.7186571
777,Courgevaux,1424,7.111047099999999,46.9075278
778,Courtepin,5416,7.1228659,46.8660381
779,Cressier (FR),957,7.1417574,46.8986683
780,Fräschels,467,7.2075009,46.9979736
781,Galmiz,672,7.1585965,46.94938079999999
782,Gempenach,291,7.197156,46.940902
783,Greng,175,7.090703,46.91335479999999
784,Gurmels,4287,7.1757732,46.8928043
785,Kerzers,5020,7.1972834,46.9761315
786,Kleinbösingen,654,7.2047406,46.8944209
787,Meyriez,575,7.1067844,46.9234895
788,Misery-Courtion,1958,7.084375103316827,46.85848535
789,Muntelier,972,7.130587400000001,46.9386253
790,Murten,8222,7.1163909,46.9288643
791,Ried bei Kerzers,1185,7.174964624841604,46.96626670000001
792,Ulmiz,438,7.2006542,46.9321113
793,Mont-Vully,3601,7.087547536280643,46.95481504999999
794,Alterswil,2029,7.2604024,46.795236
795,Brünisried,658,7.2780335,46.7601579
796,Düdingen,7823,7.1904436,46.849747
797,Giffers,1606,7.210014,46.7615024
798,Bösingen,3430,7.227354400000001,46.8924179
799,Heitenried,1366,7.3027277,46.8259771
800,Plaffeien,3601,7.2865098,46.741454
801,Plasselb,1048,7.251677099999998,46.7354779
802,Rechthalten,1083,7.2400909,46.7675326
803,St. Antoni,2039,7.2607329,46.8206587
804,St. Silvester,973,7.219327499999999,46.7410614
805,St. Ursen,1332,7.2183078,46.7899498
806,Schmitten (FR),4078,7.247401400000001,46.85605560000001
807,Tafers,3354,7.2167886,46.8152805
808,Tentlingen,1342,7.1983411,46.769765
809,Ueberstorf,2371,7.3114056,46.8650568
810,Wünnewil-Flamatt,5558,7.278729275950464,46.87434575
811,Attalens,3427,6.848969599999998,46.5110996
812,Bossonnens,1483,6.849519099999998,46.5217291
813,Châtel-Saint-Denis,6723,6.8996536,46.5265288
814,Granges (Veveyse),867,6.824883631793064,46.5278223
815,Remaufens,1072,6.8796623,46.5276138
816,Saint-Martin (FR),1007,6.875056391071425,46.5820308
817,Semsales,1431,6.9291121,46.5740332
818,Le Flon,1211,6.873231415834383,46.60382965
819,La Verrerie,1177,6.9213069,46.5894327
820,Egerkingen,3520,7.794788900000001,47.3225009
821,Härkingen,1611,7.815973,47.3069637
822,Kestenholz,1798,7.754974400000001,47.28203
823,Neuendorf,2157,7.7970557,47.2961811
824,Niederbuchsiten,1169,7.7713959,47.2977867
825,Oberbuchsiten,2238,7.7652017,47.3117986
826,Oensingen,6299,7.711046499999999,47.2874895
827,Wolfwil,2200,7.794652,47.26971
828,Aedermannsdorf,572,7.610111099999999,47.30545120000001
829,Balsthal,6094,7.694776400000001,47.3140365
830,Gänsbrunnen,89,7.467958199999999,47.2622928
831,Herbetswil,541,7.593555800000002,47.2962466
832,Holderbank (SO),693,7.7524655,47.3330162
833,Laupersdorf,1748,7.6528853,47.3137417
834,Matzendorf,1317,7.6291948,47.3065778
835,Mümliswil-Ramiswil,2441,7.683198646784388,47.3492089
836,Welschenrohr,1089,7.5252234,47.2806485
837,Biezwil,323,7.417142399999999,47.1142574
838,Lüterkofen-Ichertswil,786,7.506116985090555,47.1637839
839,Lüterswil-Gächliwil,328,7.440616705840495,47.1216153
840,Messen,1493,7.4473452999999985,47.0904081
841,Schnottwil,1123,7.391221000000002,47.10977379999999
842,Unterramsern,211,7.4824314,47.1192146
843,Lüsslingen-Nennigkofen,1057,7.494374831402283,47.1877529
844,Buchegg,2545,7.4691379466150725,47.136383
845,Bättwil,1172,7.509305800000001,47.4899611
846,Büren (SO),1042,7.6712535000000015,47.44949920000001
847,Dornach,6686,7.6176609,47.4806097
848,Gempen,880,7.6602844,47.475167
849,Hochwald,1306,7.6402192,47.4562417
850,Hofstetten-Flüh,3108,7.504475,47.4775013
851,Metzerlen-Mariastein,932,7.470305573090041,47.4656265
852,Nuglar-St. Pantaleon,1486,7.693345728781058,47.46949105
853,Rodersdorf,1317,7.4566900999999985,47.48060460000001
854,Seewen,1014,7.658264900000002,47.4354627
855,Witterswil,1497,7.5248795,47.4858554
856,Hauenstein-Ifenthal,308,7.8596856,47.375248
857,Kienberg,514,7.9671385,47.4396494
858,Lostorf,3959,7.9462061,47.385220200000006
859,Niedergösgen,3861,7.9926844,47.3731476
860,Obergösgen,2232,7.951208999999999,47.364104
861,Rohr (SO),96,7.953827099999999,47.4100369
862,Stüsslingen,1065,7.9712891,47.3928859
863,Trimbach,6591,7.9023314,47.3631152
864,Winznau,1857,7.9306091,47.36573679999999
865,Wisen (SO),403,7.8882785080843165,47.39542445
866,Erlinsbach (SO),3524,8.008027799999999,47.3967919
867,Aeschi (SO),1221,7.661874000000001,47.18042020000001
868,Biberist,8455,7.5626086,47.1810605
869,Bolken,595,7.66363,47.1925815
870,Deitingen,2237,7.619244,47.21431
871,Derendingen,6430,7.586589900000001,47.1944967
872,Etziken,869,7.6478981,47.1871991
873,Gerlafingen,5118,7.572082000000001,47.169342
874,Halten,871,8.2917942,46.8975676
875,Horriwil,870,7.6223211,47.1821622
876,Hüniken,126,7.636925,47.1848772
877,Kriegstetten,1315,7.5990600000000015,47.175109
878,Lohn-Ammannsegg,2805,7.526753200000001,47.1710866
879,Luterbach,3485,7.5839238,47.2145742
880,Obergerlafingen,1163,7.5840222000000015,47.1624248
881,Oekingen,835,7.6046781,47.1785081
882,Recherswil,1968,7.5942522,47.16125
883,Subingen,3177,7.6159259000000015,47.1939523
884,Zuchwil,8875,7.559410099999999,47.2037591
885,Drei Höfe,734,7.6358074225602035,47.16045705000001
886,Balm bei Günsberg,204,7.538770281399463,47.2599634
887,Bellach,5272,7.4983312999999985,47.2134073
888,Bettlach,4940,7.4254322,47.2017347
889,Feldbrunnen-St. Niklaus,975,7.553035781336146,47.2265204
890,Flumenthal,947,7.598596499999998,47.2353768
891,Grenchen,17140,7.396719900000001,47.1911495
892,Günsberg,1166,7.5768712,47.2572657
893,Hubersdorf,742,7.588875,47.244383
894,Kammersrohr,29,7.592052000000002,47.256025
895,Langendorf,3772,7.515430900000001,47.2214533
896,Lommiswil,1528,7.471294900000001,47.2224094
897,Oberdorf (SO),1703,7.496244161435253,47.23891605
898,Riedholz,2322,7.569502000000001,47.231087
899,Rüttenen,1495,7.5308446,47.2316224
900,Selzach,3453,7.454915799999998,47.2055081
901,Boningen,755,7.8551946,47.306211
902,Däniken,2784,7.9811789000000015,47.35486470000001
903,Dulliken,4964,7.942468099999998,47.3537179
904,Eppenberg-Wöschnau,330,8.0240413,47.3761902
905,Fulenbach,1776,7.8309213,47.2737235
906,Gretzenbach,2733,7.9998602,47.3551613
907,Gunzgen,1651,7.8302701,47.3136554
908,Hägendorf,5044,7.836561200000001,47.3331671
909,Kappel (SO),3189,7.849547599999998,47.3229823
910,Olten,18389,7.903786999999999,47.3496571
911,Rickenbach (SO),964,7.8572469,47.34053370000001
912,Schönenwerd,4902,8.0054417,47.3721555
913,Starrkirch-Wil,1692,7.925075,47.3465368
914,Walterswil (SO),701,7.965422699999999,47.3245153
915,Wangen bei Olten,5096,7.871114642230903,47.33907685
916,Solothurn,16703,7.538404499999999,47.2081355
917,Bärschwil,816,7.4730851,47.3820245
918,Beinwil (SO),277,7.5792172,47.3608078
919,Breitenbach,3848,7.5442563,47.4078339
920,Büsserach,2292,7.5405238,47.3915791
921,Erschwil,920,7.5416739,47.3735346
922,Fehren,589,7.5790875,47.3967459
923,Grindel,505,7.502618400000001,47.3817049
924,Himmelried,925,7.5980409,47.42122970000001
925,Kleinlützel,1244,7.417270200000001,47.4259552
926,Meltingen,645,7.589852799999999,47.3877576
927,Nunningen,1893,7.619769099999999,47.3939723
928,Zullwil,676,7.6000186,47.3905084
929,Basel,171513,7.5878261,47.55810770000001
930,Bettingen,1151,7.6639830999999985,47.5714149
931,Riehen,21244,7.6479737,47.58169270000001
932,Aesch (BL),10237,7.5980395,47.46824470000001
933,Allschwil,20913,7.536561099999999,47.5510799
934,Arlesheim,9202,7.6202048,47.4931125
935,Biel-Benken,3427,7.520962,47.506771
936,Binningen,15580,7.570077,47.53656
937,Birsfelden,10410,7.6304739,47.5542152
938,Bottmingen,6593,7.5748727,47.5234501
939,Ettingen,5156,7.5441378,47.4816164
940,Münchenstein,12203,7.6174515,47.5187909
941,Muttenz,17805,7.6477401,47.525113
942,Oberwil (BL),11221,7.5527853,47.5136942
943,Pfeffingen,2358,7.589005999999999,47.4579858
944,Reinach (BL),19144,7.5910891,47.4935369
945,Schönenbuch,1385,7.5019867,47.53729620000001
946,Therwil,9947,7.5574747,47.49933400000001
947,Blauen,691,7.51876,47.4489135
948,Brislach,1643,7.5433687,47.4181317
949,Burg im Leimental,262,7.4414641,47.4578932
950,Dittingen,730,7.4989146999999985,47.4383276
951,Duggingen,1568,7.606511,47.4520839
952,Grellingen,1833,7.587635799999998,47.4411563
953,Laufen,5556,7.5020019,47.4224096
954,Liesberg,1148,7.4314696,47.4038612
955,Nenzlingen,432,7.5621906,47.4477386
956,Roggenburg,268,7.3402588,47.433867
957,Röschenz,1880,7.4759958,47.4239414
958,Wahlen,1417,7.5148865,47.4021415
959,Zwingen,2339,7.527900999999999,47.437887
960,Arisdorf,1633,7.765498299999999,47.5123916
961,Augst,1011,7.7206018,47.5338077
962,Bubendorf,4339,7.73535,47.44668400000001
963,Frenkendorf,6471,7.7138282999999985,47.5028543
964,Füllinsdorf,4472,7.729959700000001,47.5056654
965,Giebenach,1031,7.745313900000001,47.523792
966,Hersberg,309,7.7827302,47.49242810000001
967,Lausen,5148,7.759113900000001,47.4736459
968,Liestal,14269,7.7347782999999986,47.4839723
969,Lupsingen,1422,7.6938955,47.4466659
970,Pratteln,16388,7.6944741,47.5192013
971,Ramlinsburg,746,7.7649057,47.4499281
972,Seltisberg,1311,7.7153815,47.4598282
973,Ziefen,1569,7.7063432,47.4305811
974,Anwil,569,7.942189,47.4526596
975,Böckten,804,7.8387155,47.4634028
976,Buckten,694,7.844746400000001,47.41011629999999
977,Buus,1035,7.8650401,47.5055264
978,Diepflingen,738,7.837749099999999,47.446478000000006
979,Gelterkinden,6095,7.8544494999999985,47.4640069
980,Häfelfingen,271,7.8657357,47.4150352
981,Hemmiken,251,7.8913585999999984,47.4880195
982,Itingen,2085,7.7877841,47.4665362
983,Känerkinden,530,7.836309599999999,47.4119949
984,Kilchberg (BL),161,7.897729921147188,47.42671235
985,Läufelfingen,1321,7.8546951,47.39581610000001
986,Maisprach,939,7.8427076,47.5244984
987,Nusshof,255,7.8047393,47.4918508
988,Oltingen,470,7.93486,47.4323333
989,Ormalingen,2201,7.8755353,47.46965520000001
990,Rickenbach (BL),594,7.851314599306573,47.48608955
991,Rothenfluh,780,7.914597,47.46088870000001
992,Rümlingen,390,7.8497922,47.4244356
993,Rünenberg,777,7.881264,47.432095
994,Sissach,6666,7.812563900000002,47.46347670000001
995,Tecknau,858,7.8832932,47.4501064
996,Tenniken,916,7.811685099999999,47.4363734
997,Thürnen,1403,7.8294607,47.4556959
998,Wenslingen,717,7.907641,47.440539
999,Wintersingen,606,7.823228999999999,47.4949559
1000,Wittinsburg,434,7.839909,47.42522720000001
1001,Zeglingen,489,7.9063675999999985,47.4171143
1002,Zunzgen,2502,7.80462,47.4504005
1003,Arboldswil,562,7.7170041,47.4158911
1004,Bennwil,665,7.7801695,47.4041393
1005,Bretzwil,780,7.650800500000001,47.39700670000001
1006,Diegten,1656,7.809077,47.409937
1007,Eptingen,530,7.8217213,47.384777
1008,Hölstein,2499,7.7698197,47.4247354
1009,Lampenberg,503,7.759649,47.4267377
1010,Langenbruck,957,7.7681007,47.3498274
1011,Lauwil,316,7.675788499999999,47.389819
1012,Liedertswil,169,7.717980000000002,47.39155039999999
1013,Niederdorf,1807,7.750965400000001,47.4051418
1014,Oberdorf (BL),2409,7.750523935681469,47.392024600000006
1015,Reigoldswil,1613,7.6918178,47.3974255
1016,Titterten,414,7.7171561,47.4015489
1017,Waldenburg,1125,7.748757,47.3840813
1018,Gächlingen,864,8.499197,47.7027323
1019,Löhningen,1456,8.5510216,47.7017281
1020,Neunkirch,2201,8.5000759,47.68998300000001
1021,Büttenhardt,389,8.6538298,47.7560054
1022,Dörflingen,1027,8.720393199999998,47.7073736
1023,Lohn (SH),771,8.673040034915951,47.75608795
1024,Stetten (SH),1376,8.656272343839422,47.737188
1025,Thayngen,5445,8.7061689,47.7470005
1026,Bargen (SH),306,8.592082703751071,47.79428400000001
1027,Beringen,4643,8.573383300000001,47.6975693
1028,Buchberg,867,8.56076,47.5726201
1029,Merishausen,849,8.609962699999999,47.7609436
1030,Neuhausen am Rheinfall,10454,8.598409574362005,47.6785959
1031,Rüdlingen,753,8.572161099999999,47.5789455
1032,Schaffhausen,36332,8.634513,47.6960491
1033,Beggingen,486,8.5363808,47.7666674
1034,Schleitheim,1688,8.4845902,47.7488818
1035,Siblingen,863,8.519796000000001,47.7151451
1036,Buch (SH),318,8.781530755745369,47.7165277
1037,Hemishofen,468,8.8317626,47.6768621
1038,Ramsen,1478,8.811546,47.7068419
1039,Stein am Rhein,3376,8.859682300000003,47.6597323
1040,Hallau,2179,8.457861300000001,47.6965281
1041,Oberhallau,434,8.478335699999999,47.7050973
1042,Trasadingen,591,8.4304278,47.667977
1043,Wilchingen,1737,8.466898800000001,47.6674274
1044,Herisau,15780,9.2787571,47.38555
1045,Hundwil,957,9.3181801,47.3659158
1046,Schönengrund,518,9.2268899,47.3277476
1047,Schwellbrunn,1579,9.2491335,47.352345
1048,Stein (AR),1423,9.341753950925373,47.3781046
1049,Urnäsch,2315,9.2834506,47.317862100000006
1050,Waldstatt,1846,9.2838414,47.3563362
1051,Bühler,1766,9.4233806,47.37439910000001
1052,Gais,3096,9.4542571,47.3625204
1053,Speicher,4293,9.4424912,47.4126429
1054,Teufen (AR),6267,9.389638909278213,47.39246335
1055,Trogen,1721,9.4650334,47.4080647
1056,Grub (AR),1045,9.5094743,47.4481664
1057,Heiden,4192,9.532089,47.4421715
1058,Lutzenberg,1253,9.561572,47.459378
1059,Rehetobel,1750,9.4804482,47.4266831
1060,Reute (AR),690,9.579874058977095,47.41410805
1061,Wald (AR),857,9.499637120874562,47.41439065
1062,Walzenhausen,1994,9.6017721,47.4506581
1063,Wolfhalden,1836,9.5507149,47.4526711
1064,Appenzell,5809,9.4099556,47.32995579999999
1065,Gonten,1455,9.3428845,47.326177
1066,Rüte,3606,9.457086,47.303675
1067,Schlatt-Haslen,1126,9.3677351,47.3680073
1068,Schwende,2202,9.4346103,47.3006555
1069,Oberegg,1907,9.5505705,47.4229588
1070,Häggenschwil,1332,9.3460622,47.4944001
1071,Muolen,1200,9.3237585,47.5210784
1072,St. Gallen,75522,9.3765878,47.4250593
1073,Wittenbach,9784,9.3820343,47.4624072
1074,Eggersriet,2275,9.4704406,47.4425183
1075,Andwil (SG),1951,9.28154822711338,47.44117685
1076,Gaiserwald,8368,9.3340635,47.426665
1077,Gossau (SG),18171,9.249359,47.4155906
1078,Waldkirch,3498,9.2849709,47.4698418
1079,Berg (SG),823,9.4066582,47.4866016
1080,Goldach,9048,9.4693311,47.4774158
1081,Mörschwil,3583,9.4227493,47.4675534
1082,Rorschach,9418,9.4914025,47.4779686
1083,Rorschacherberg,7177,9.4945663,47.4687555
1084,Steinach,3591,9.4390653,47.5006106
1085,Tübach,1429,9.4509483,47.4857818
1086,Untereggen,1055,9.449641499999998,47.451635
1087,Thal,6480,9.5630244,47.4694211
1088,Au (SG),7622,9.6365141,47.43318060000001
1089,Balgach,4650,9.6062727,47.4068832
1090,Berneck,3956,9.6102137,47.4249019
1091,Diepoldsau,6502,9.6556042,47.3859513
1092,Rheineck,3485,9.584108,47.4706336
1093,St. Margrethen,5889,9.6410249,47.4510277
1094,Widnau,9576,9.6356294,47.4053426
1095,Altstätten,11549,9.5412765,47.3783471
1096,Eichberg,1521,8.2042538,47.3403213
1097,Marbach (SG),2055,9.5686092,47.3919868
1098,Oberriet (SG),8839,9.5675673,47.320756
1099,Rebstein,4501,9.5822387,47.398476
1100,Rüthi (SG),2357,9.536891562230373,47.29351705
1101,Buchs (SG),12612,9.4764086,47.1627634
1102,Gams,3404,9.4421264,47.2054106
1103,Grabs,6951,9.4446312,47.1816557
1104,Sennwald,5564,9.5037691,47.2615026
1105,Sevelen,5049,9.4871231,47.1206364
1106,Wartau,5296,9.454812382792626,47.0926493
1107,Bad Ragaz,5923,9.5016438,47.0025282
1108,Flums,4941,9.343589,47.0939665
1109,Mels,8610,9.419293199999998,47.0467333
1110,Pfäfers,1574,9.5012318,46.9908765
1111,Quarten,2877,9.240747,47.1072016
1112,Sargans,6118,9.4401995,47.0482641
1113,Vilters-Wangs,4820,9.41684984933216,47.00602665
1114,Walenstadt,5598,9.3149919,47.1236457
1115,Amden,1784,9.1411228,47.1496317
1116,Benken (SG),3015,8.996394837834346,47.1929882
1117,Kaltbrunn,4798,9.024983099999998,47.2134573
1118,Schänis,3812,9.0466793,47.1591758
1119,Weesen,1646,9.0973561,47.1346737
1120,Schmerikon,3724,8.9415774,47.2256001
1121,Uznach,6336,8.9856079,47.2250636
1122,Rapperswil-Jona,26989,8.85965085923002,47.2298277
1123,Gommiswald,5071,9.023727699999998,47.231041
1124,Eschenbach (SG),9477,8.993146703746941,47.27424050000001
1125,Ebnat-Kappel,5012,9.1233561,47.2635337
1126,Wildhaus-Alt St. Johann,2662,9.315907227231527,47.19723845
1127,Nesslau,3599,9.2020206,47.2226153
1128,Hemberg,920,9.1756588,47.3004656
1129,Lichtensteig,1871,9.0874862,47.3231436
1130,Oberhelfenschwil,1267,9.1118145,47.3556874
1131,Neckertal,4043,9.164871427320199,47.34693125
1132,Wattwil,8713,9.087813825936843,47.2915343
1133,Kirchberg (SG),9016,9.026700891313263,47.4095086
1134,Lütisburg,1565,9.0808205,47.3945011
1135,Mosnang,2884,9.0400516,47.3621638
1136,Bütschwil-Ganterschwil,4729,9.079150714683923,47.35859585
1137,Degersheim,4038,9.1990317,47.3735896
1138,Flawil,10551,9.1861489,47.414613
1139,Jonschwil,3801,9.0865706,47.4231947
1140,Oberuzwil,6450,9.1224313,47.4299725
1141,Uzwil,12849,9.1333201,47.4370506
1142,Niederbüren,1524,9.2042148,47.4661193
1143,Niederhelfenschwil,3117,9.1856106,47.4748802
1144,Oberbüren,4321,9.1611356,47.45071400000001
1145,Zuzwil (SG),4790,9.1095657,47.4713144
1146,Wil (SG),23768,9.0423202,47.4654409
1147,Vaz/Obervaz,2721,9.544287189266644,46.7224925
1148,Lantsch/Lenz,554,9.5625528,46.685401
1149,Schmitten (GR),246,9.68030565583014,46.70429885
1150,Bergün/Bravuogn,480,9.7465046,46.6302871
1151,Filisur,434,9.6859723,46.6737785
1152,Albula/Alvra,1324,9.62906681940321,46.6902195
1153,Surses,2343,9.594715375789418,46.524797250000006
1154,Brusio,1135,10.1254143,46.2583839
1155,Poschiavo,3516,10.0581552,46.3264671
1156,Zernez,1532,10.0943311,46.6979839
1157,Samnaun,762,10.3600844,46.9442417
1158,Scuol,4598,10.2976297,46.7962805
1159,Valsot,859,10.401777453263396,46.87240429999999
1160,Val Müstair,1511,10.374507824856003,46.61063325
1161,Bonaduz,3294,9.3984396,46.81132
1162,Domat/Ems,8070,9.4506859,46.8351271
1163,Rhäzüns,1494,9.3960977,46.8002381
1164,Felsberg,2569,9.477555,46.8460537
1165,Flims,2825,9.2834557,46.8332439
1166,Tamins,1213,9.4064966,46.8292948
1167,Trin,1408,9.3617533,46.8290467
1168,Trimmis,3283,9.563425099999998,46.8970804
1169,Untervaz,2512,9.5348195,46.9285657
1170,Zizers,3443,9.566523599999998,46.9369963
1171,Fläsch,774,9.5133657,47.0267559
1172,Jenins,896,9.5578327,47.00133029999999
1173,Maienfeld,2860,9.5309225,47.0077288
1174,Malans,2341,9.5761204,46.9821456
1175,Landquart,8849,9.5567722,46.9661557
1176,Bever,598,9.889063,46.551824
1177,Celerina/Schlarigna,1506,9.868019284871648,46.50300375000001
1178,Madulain,209,9.9389122,46.5868703
1179,Pontresina,2195,9.9042965,46.489993
1180,La Punt-Chamues-ch,712,9.9260141,46.5788766
1181,Samedan,2956,9.874586,46.5332403
1182,St. Moritz,4994,9.8386578,46.4960592
1183,S-chanf,685,9.9855019,46.6125028
1184,Sils im Engadin/Segl,691,9.78721476368516,46.40073385
1185,Silvaplana,1117,9.7959165,46.4599334
1186,Zuoz,1207,9.9608039,46.6012885
1187,Bregaglia,1531,9.5970418,46.3464763
1188,Buseno,83,9.106617800000002,46.2731557
1189,Castaneda,277,9.139988699999998,46.2580048
1190,Rossa,152,9.12655,46.3734148
1191,Santa Maria in Calanca,112,9.144283,46.2633935
1192,Lostallo,760,9.1956341,46.312938
1193,Mesocco,1374,9.2328567,46.3940414
1194,Soazza,337,9.2216584,46.3661494
1195,Cama,564,9.1691657,46.2720456
1196,Grono,1373,9.145862199999998,46.2473782
1197,Roveredo (GR),2483,9.1249754,46.2349007
1198,San Vittore,825,9.1061939,46.2389723
1199,Calanca,195,9.113624966096124,46.3149901
1200,Chur,35038,9.525406599999998,46.855515
1201,Churwalden,2012,9.5429675,46.7784526
1202,Arosa,3185,9.6781356,46.7797248
1203,Maladers,505,9.5603995,46.836285
1204,Tschiertschen-Praden,318,9.60687728749149,46.79653315
1205,Haldenstein,1025,9.526744699999998,46.8780148
1206,Davos,10937,9.8237266,46.7961744
1207,Fideris,598,9.74113,46.9146646
1208,Furna,213,9.6766862,46.9371235
1209,Jenaz,1161,9.7130354,46.9274527
1210,Klosters-Serneus,4437,9.984394731228091,46.8496906
1211,Conters im Prättigau,225,9.789670084121779,46.8825833
1212,Küblis,853,9.7729879,46.91377670000001
1213,Luzein,1573,9.81518352760624,46.965818350000006
1214,Grüsch,2074,9.6471438,46.97918660000001
1215,Schiers,2613,9.6900481,46.9689315
1216,Seewis im Prättigau,1381,9.6368062,46.9820099
1217,Falera,623,9.2321371,46.8007977
1218,Laax,1755,9.2581267,46.806412
1219,Sagogn,686,9.2577578,46.7918682
1220,Schluein,623,9.2282504,46.7885941
1221,Vals,1050,9.1804954,46.6166848
1222,Andiast,211,9.1141778,46.7849583
1223,Waltensburg/Vuorz,325,9.1160541,46.7766791
1224,Lumnezia,2047,9.08751959847694,46.6623412
1225,Ilanz/Glion,4704,9.228102024271038,46.7659458
1226,Safiental,905,9.304877954279457,46.69233365
1227,Breil/Brigels,1248,9.0622332,46.7674063
1228,Disentis/Mustér,2092,8.8549785,46.7041748
1229,Medel (Lucmagn),384,8.870081136287943,46.62753605
1230,Sumvitg,1179,8.9384718,46.7284407
1231,Tujetsch,1256,8.735687714674361,46.65790820000001
1232,Trun,1172,8.989673800000002,46.7433662
1233,Obersaxen Mundaun,1160,9.069160133222404,46.72354350000001
1234,Mutten,61,9.500036,46.6781362
1235,Fürstenau,349,9.4467377,46.7202785
1236,Rothenbrunnen,311,9.4270652,46.7683626
1237,Scharans,807,9.4597448,46.7181233
1238,Sils im Domleschg,930,9.4530403,46.7019039
1239,Cazis,2174,9.40353862282802,46.7377176
1240,Flerden,254,9.406114,46.7022984
1241,Masein,481,9.4268534,46.7021894
1242,Thusis,3138,9.4393712,46.6974341
1243,Tschappina,129,9.382679800000002,46.6872441
1244,Urmein,146,9.4018335,46.6917013
1245,Domleschg,1991,9.465634227222976,46.76950135
1246,Avers,169,9.532904854002343,46.44462285
1247,Hinterrhein,63,9.1993492,46.5307369
1248,Nufenen,140,9.2435939,46.5394258
1249,Splügen,432,9.3236759,46.5530843
1250,Sufers,141,9.3666414,46.5703325
1251,Andeer,944,9.4269682,46.6022665
1252,Casti-Wergenstein,55,9.421731,46.6243478
1253,Donat,211,9.429854400000002,46.6291203
1254,Lohn (GR),42,9.4275983,46.6514157
1255,Mathon,53,9.4136826,46.6356875
1256,Rongellen,53,9.4458434,46.6767923
1257,Zillis-Reischen,388,9.466947311126695,46.6486679
1258,Ferrera,76,9.44680919936924,46.52481885
1259,Aarau,21268,8.0444448,47.3927146
1260,Biberstein,1587,8.0821155,47.4140667
1261,Buchs (AG),7922,8.0692413,47.39103220000001
1262,Densbüren,726,8.0538734,47.4543265
1263,Erlinsbach (AG),4139,8.0133738,47.3968661
1264,Gränichen,7709,8.097100900000001,47.3592835
1265,Hirschthal,1574,8.054340700000001,47.3199916
1266,Küttigen,6091,8.0432568,47.41945379999999
1267,Muhen,3865,8.053578100000001,47.3408342
1268,Oberentfelden,8109,8.0470858,47.3567549
1269,Suhr,10154,8.079533999999999,47.373166
1270,Unterentfelden,4110,8.0424171,47.3670123
1271,Baden,19175,8.3086822,47.47368270000001
1272,Bellikon,1548,8.3461275,47.3900433
1273,Bergdietikon,2827,8.3865262,47.3898401
1274,Birmenstorf (AG),2972,8.2493768,47.4611315
1275,Ennetbaden,3496,8.3153871,47.4785764
1276,Fislisbach,5546,8.289945699999999,47.4369631
1277,Freienwil,1037,8.3279656,47.5034967
1278,Gebenstorf,5258,8.2408818,47.4819508
1279,Killwangen,2074,8.3518766,47.43155529999999
1280,Künten,1747,8.3293117,47.3891667
1281,Mägenwil,2116,8.2301927,47.4122258
1282,Mellingen,5492,8.274659,47.4195131
1283,Neuenhof,8730,8.3276312,47.4493396
1284,Niederrohrdorf,4025,8.304625699999999,47.4254112
1285,Oberrohrdorf,4123,8.316452,47.421817
1286,Obersiggenthal,8568,8.294005199999999,47.487555
1287,Remetschwil,2076,8.3279875,47.4090319
1288,Spreitenbach,11788,8.3640342,47.4182444
1289,Stetten (AG),2218,8.307400900000001,47.3994584
1290,Turgi,2951,8.2518887,47.4931594
1291,Untersiggenthal,7219,8.2574722,47.4992019
1292,Wettingen,20721,8.3266114,47.465839
1293,Wohlenschwil,1556,8.2578773,47.4124727
1294,Würenlingen,4658,8.256961800000001,47.5320878
1295,Würenlos,6386,8.361810799999999,47.44210579999999
1296,Ehrendingen,4837,8.3418609,47.4948072
1297,Arni (AG),1867,8.419457174262892,47.3154774
1298,Berikon,4715,8.3701013,47.3528355
1299,Bremgarten (AG),7765,8.337644599999999,47.35395689999999
1300,Büttikon,981,8.2677621,47.32601470000001
1301,Dottikon,3873,8.241593,47.3838825
1302,Eggenwil,1006,8.3399569,47.3698754
1303,Fischbach-Göslikon,1650,8.3071462,47.3712188
1304,Hägglingen,2421,8.2535062,47.3878226
1305,Jonen,2061,8.3950641,47.2959739
1306,Niederwil (AG),2840,8.2947614,47.3763559
1307,Oberlunkhofen,2012,8.390497400000001,47.311931
1308,Oberwil-Lieli,2363,8.391383312727754,47.33965305
1309,Rudolfstetten-Friedlisberg,4466,8.388029495514553,47.36888155
1310,Sarmenstorf,2864,8.2485603,47.3099209
1311,Tägerig,1521,8.2775537,47.4049121
1312,Uezwil,473,8.2758947,47.3171905
1313,Unterlunkhofen,1383,8.3805098,47.3222122
1314,Villmergen,7341,8.246973299999999,47.3470428
1315,Widen,3668,8.3595132,47.36962800000001
1316,Wohlen (AG),16078,8.278690600000001,47.3504945
1317,Zufikon,4450,8.3580094,47.3483234
1318,Islisberg,618,8.439312699999999,47.3229472
1319,Auenstein,1571,8.1370602,47.4168206
1320,Birr,4466,8.2029778,47.4345344
1321,Birrhard,704,8.24414,47.43269650000001
1322,Bözen,734,8.083550099999998,47.4957654
1323,Brugg,11129,8.2085662,47.4824633
1324,Effingen,594,8.1035209,47.4896963
1325,Elfingen,292,8.0984811,47.507281
1326,Habsburg,433,8.1871807,47.4620655
1327,Hausen (AG),3580,8.2150502,47.4603829
1328,Lupfig,2370,8.2013965,47.4397165
1329,Mandach,334,8.185889,47.5468415
1330,Mönthal,394,8.1439869,47.5183755
1331,Mülligen,1103,8.2402149,47.457194
1332,Remigen,1065,8.1903933,47.5164278
1333,Riniken,1478,8.1876762,47.4939693
1334,Rüfenach,856,8.205682000000001,47.5080886
1335,Scherz,662,8.183993,47.446326
1336,Schinznach-Bad,1293,8.1676758,47.4515074
1337,Thalheim (AG),837,8.0999521,47.4367098
1338,Veltheim (AG),1435,8.1461059,47.43770900000001
1339,Villigen,2082,8.214728200000001,47.5262684
1340,Villnachern,1652,8.160523,47.47224170000001
1341,Windisch,7654,8.2179918,47.4793472
1342,Bözberg,1570,8.148582661216643,47.4859175
1343,Schinznach,2216,8.142283599999999,47.4467994
1344,Beinwil am See,3174,8.202737400000002,47.266463
1345,Birrwil,1172,8.1965202,47.2903395
1346,Burg (AG),1026,8.1786611,47.2352641
1347,Dürrenäsch,1237,8.1571142,47.3215135
1348,Gontenschwil,2119,8.1452923,47.2724829
1349,Holziken,1341,8.04006,47.3202562
1350,Leimbach (AG),446,8.169617599999999,47.2722755
1351,Leutwil,762,8.1731304,47.3095034
1352,Menziken,6222,8.187274,47.240878
1353,Oberkulm,2730,8.1216116,47.2989191
1354,Reinach (AG),8458,8.182824,47.2539675
1355,Schlossrued,838,8.087858,47.290618
1356,Schmiedrued,1166,8.103455,47.270044
1357,Schöftland,4300,8.0527946,47.305451700000006
1358,Teufenthal (AG),1646,8.1152406,47.3300709
1359,Unterkulm,3071,8.11471,47.3103727
1360,Zetzwil,1321,8.150826299999999,47.28626120000001
1361,Eiken,2277,7.9894417,47.5312508
1362,Frick,5550,8.0203065,47.5075081
1363,Gansingen,1029,8.1343542,47.5432969
1364,Gipf-Oberfrick,3505,8.0029699,47.49751120000001
1365,Herznach,1507,8.0502339,47.4733714
1366,Hornussen,937,8.0633909,47.5005311
1367,Kaisten,2647,8.0446209,47.5386303
1368,Laufenburg,3626,8.0601696,47.56046170000001
1369,Münchwilen (AG),936,7.9629997,47.5379513
1370,Oberhof,602,8.0068129,47.4504204
1371,Oeschgen,1016,8.0170821,47.5191409
1372,Schwaderloch,664,8.143534599999999,47.5853969
1373,Sisseln,1589,7.989416,47.5534624
1374,Ueken,895,8.0486412,47.4844622
1375,Wittnau,1326,7.975398299999998,47.4811219
1376,Wölflinswil,1040,7.9976535,47.4608194
1377,Zeihen,1169,8.0856118,47.4765025
1378,Mettauertal,1966,8.14174844302099,47.5572536
1379,Ammerswil,679,8.2061524,47.3705625
1380,Boniswil,1398,8.1852511,47.3161571
1381,Brunegg,809,8.21637,47.4192416
1382,Dintikon,2192,8.227791400000001,47.36364320000001
1383,Egliswil,1407,8.186191,47.3499234
1384,Fahrwangen,2059,8.241393400000002,47.2946038
1385,Hallwil,876,8.1750054,47.329448
1386,Hendschiken,1227,8.216857899999999,47.386254
1387,Holderbank (AG),1216,8.168665299999999,47.4270885
1388,Hunzenschwil,4025,8.1242795,47.3854685
1389,Lenzburg,10173,8.182187299999999,47.3873136
1390,Meisterschwanden,2938,8.2277227,47.2949842
1391,Möriken-Wildegg,4385,8.183525510325229,47.41569910000001
1392,Niederlenz,4747,8.1757198,47.4019522
1393,Othmarsingen,2784,8.2162901,47.40234810000001
1394,Rupperswil,5476,8.1274477,47.4027283
1395,Schafisheim,3027,8.143202,47.3781151
1396,Seengen,3951,8.2079184,47.3252906
1397,Seon,5227,8.1593554,47.3460005
1398,Staufen,3233,8.1665273,47.3799837
1399,Abtwil,976,8.3546713,47.1744952
1400,Aristau,1436,8.3626162,47.2863467
1401,Auw,2110,8.364871,47.2116635
1402,Beinwil (Freiamt),1145,8.337645461995475,47.227352
1403,Besenbüren,624,8.3439287,47.3123219
1404,Bettwil,620,8.265108999999999,47.2902728
1405,Boswil,2783,8.313750500000001,47.30043610000001
1406,Bünzen,1117,8.3260392,47.3116613
1407,Buttwil,1227,8.3112049,47.267594
1408,Dietwil,1325,8.3930952,47.1483703
1409,Geltwil,208,8.3223867,47.24919910000001
1410,Kallern,364,8.2952953,47.317089
1411,Merenschwand,3535,8.3732781,47.2607035
1412,Mühlau,1172,8.388653699999999,47.2291056
1413,Muri (AG),7769,8.3377829,47.2756613
1414,Oberrüti,1573,9.075273,47.0459845
1415,Rottenschwil,816,8.3638821,47.3141222
1416,Sins,4315,8.3946059,47.1910321
1417,Waltenschwil,2878,8.3024947,47.3345396
1418,Hellikon,783,7.9249732,47.5095692
1419,Kaiseraugst,5588,7.7230178,47.5399823
1420,Magden,3925,7.8116008,47.5283737
1421,Möhlin,11004,7.8431299,47.560991
1422,Mumpf,1430,7.9207589999999986,47.545436
1423,Obermumpf,1050,7.9381928,47.5293336
1424,Olsberg,359,7.7835481,47.5213934
1425,Rheinfelden,13337,7.7922905,47.5543859
1426,Schupfart,831,7.965780400000001,47.5145465
1427,Stein (AG),3192,7.9540042,47.5451212
1428,Wallbach,1960,7.902808999999999,47.5599243
1429,Wegenstetten,1072,7.9337595,47.4995108
1430,Zeiningen,2288,7.8716277,47.5414438
1431,Zuzgen,884,7.900246000000001,47.52544
1432,Aarburg,8068,7.8993599,47.3206417
1433,Attelwil,295,8.0433214,47.2593336
1434,Bottenwil,790,8.005257700000001,47.2854555
1435,Brittnau,3900,7.9466147,47.2586821
1436,Kirchleerau,854,8.0702913,47.2755071
1437,Kölliken,4342,8.023180400000001,47.3352673
1438,Moosleerau,925,8.0631076,47.2692107
1439,Murgenthal,2912,7.8319249000000015,47.2627727
1440,Oftringen,13606,7.92099,47.3126595
1441,Reitnau,1275,8.0449307,47.2513234
1442,Rothrist,8927,7.8826232,47.3029125
1443,Safenwil,3798,7.9841811,47.3187392
1444,Staffelbach,1236,8.0419242,47.2834729
1445,Strengelbach,4820,7.9295347,47.27910720000001
1446,Uerkheim,1346,8.0253266,47.30515020000001
1447,Vordemwald,1943,7.9009035,47.2766594
1448,Wiliberg,164,8.014673,47.2684312
1449,Zofingen,11561,7.945825900000001,47.288491
1450,Baldingen,261,8.313637,47.554707
1451,Böbikon,174,8.333122999999999,47.5537308
1452,Böttstein,3986,8.221822,47.5568329
1453,Döttingen,3894,8.2569004,47.5739904
1454,Endingen,2574,8.290119599999999,47.5376174
1455,Fisibach,478,8.4100542,47.5637103
1456,Full-Reuenthal,879,8.2048625,47.6136047
1457,Kaiserstuhl,423,8.418363900000001,47.5684522
1458,Klingnau,3472,8.2500088,47.5810046
1459,Koblenz,1673,8.2386953,47.6088321
1460,Leibstadt,1289,8.1756561,47.5905075
1461,Lengnau (AG),2743,8.3301378,47.521079
1462,Leuggern,2148,8.217217999999999,47.5798217
1463,Mellikon,241,8.3517064,47.567172
1464,Rekingen (AG),968,8.320413499999999,47.5707146
1465,Rietheim,753,8.2778878,47.6008113
1466,Rümikon,312,8.7831448,47.5032332
1467,Schneisingen,1391,9.055497,47.08976060000001
1468,Siglistorf,630,8.3796923,47.54449810000001
1469,Tegerfelden,1204,8.2858739,47.5607982
1470,Wislikofen,338,8.3622093,47.5578734
1471,Bad Zurzach,4242,8.2940658,47.5866477
1472,Arbon,14537,9.4304026,47.514925700000006
1473,Dozwil,706,9.3190975,47.5759385
1474,Egnach,4708,9.3814541,47.5432155
1475,Hefenhofen,1194,9.3067983,47.5589933
1476,Horn,2739,9.4625974,47.494661
1477,Kesswil,1001,9.3174354,47.5931922
1478,Roggwil (TG),3066,9.387847615397337,47.5017356
1479,Romanshorn,10969,9.3776036,47.565445200000006
1480,Salmsach,1425,9.3718492,47.5536187
1481,Sommeri,565,9.2900603,47.567253
1482,Uttwil,1857,9.3403851,47.5835512
1483,Amriswil,13462,9.2981219,47.5500227
1484,Basadingen-Schlattingen,1823,8.754640858181991,47.66001205
1485,Diessenhofen,3897,8.749267300000001,47.6875317
1486,Schlatt (TG),1678,8.69962296748298,47.66827120000001
1487,Felben-Wellhausen,2799,8.939863,47.575645
1488,Frauenfeld,25442,8.896334699999997,47.5561915
1489,Gachnang,4287,8.8523731,47.5396518
1490,Hüttlingen,841,8.9797096,47.5780903
1491,Matzingen,2857,8.934077,47.5199826
1492,Neunforn,1011,8.779493800000001,47.6006714
1493,Stettfurt,1210,8.954516499999997,47.5250201
1494,Thundorf,1452,8.9636338,47.5455851
1495,Uesslingen-Buch,1094,8.831448862066248,47.59104635
1496,Warth-Weiningen,1317,8.888189715163517,47.58745220000001
1497,Berlingen,903,9.017905699999998,47.6742604
1498,Eschenz,1762,8.874824499999997,47.6473559
1499,Herdern,1034,8.908617,47.6058689
1500,Homburg,1532,9.0062342,47.6344325
1501,Hüttwilen,1715,8.871922300000003,47.6073934
1502,Mammern,650,8.9157018,47.6461848
1503,Müllheim,2970,9.002011900000003,47.6019587
1504,Pfyn,1996,8.953673599999998,47.5970331
1505,Steckborn,3780,8.9815246,47.6653429
1506,Wagenhausen,1657,8.850370199999997,47.6590751
1507,Altnau,2208,9.260705,47.61241
1508,Bottighofen,2170,9.2068831,47.6386883
1509,Ermatingen,3378,9.0852134,47.6702035
1510,Gottlieben,351,9.1343895,47.6640263
1511,Güttingen,1607,9.2878219,47.6024532
1512,Kemmental,2494,9.143570203771958,47.60932745
1513,Kreuzlingen,21801,9.1725621,47.6464362
1514,Langrickenbach,1313,9.2472949,47.59359129999999
1515,Lengwil,1718,9.1944314,47.6246349
1516,Münsterlingen,3448,9.2329998,47.631287
1517,Tägerwilen,4617,9.1310646,47.6563994
1518,Wäldi,1048,9.0955279,47.6344058
1519,Raperswilen,394,9.054712691456126,47.6383152
1520,Salenstein,1276,9.05922,47.66947929999999
1521,Aadorf,8885,8.902952599999997,47.4915782
1522,Bettwiesen,1248,9.0257786,47.4973742
1523,Bichelsee-Balterswil,2839,8.926625728858804,47.4520749
1524,Braunau,770,9.0723159,47.503619
1525,Eschlikon,4308,8.754119699999999,47.5648131
1526,Fischingen,2695,8.969802099999997,47.4161825
1527,Lommis,1224,8.993869300000002,47.516675
1528,Münchwilen (TG),5554,8.986539047622768,47.48056055
1529,Rickenbach (TG),2775,9.0503183,47.4495175
1530,Sirnach,7737,8.9934296,47.461402
1531,Tobel-Tägerschen,1599,9.0301312,47.51002070000001
1532,Wängi,4662,8.953330099999997,47.496703
1533,Wilen (TG),2504,9.031043860671836,47.4468156
1534,Bischofszell,6009,9.2409168,47.4937698
1535,Erlen,3687,9.2254631,47.5504462
1536,Hauptwil-Gottshaus,1943,9.284816683784703,47.4901636
1537,Hohentannen,602,9.2246069,47.5083945
1538,Kradolf-Schönenberg,3570,9.186619197003134,47.51606165
1539,Sulgen,3766,9.181648,47.5452654
1540,Zihlschlacht-Sitterdorf,2367,9.259269150287928,47.514206200000004
1541,Affeltrangen,2562,9.0318946,47.5265562
1542,Schönholzerswilen,845,9.1392258,47.5165928
1543,Wuppenau,1126,9.1087005,47.496536600000006
1544,Amlikon-Bissegg,1335,9.040207215323033,47.5619244
1545,Berg (TG),3328,9.166955445460657,47.5825434
1546,Birwinken,1352,9.1976761,47.5821126
1547,Bürglen (TG),3788,9.150166153158512,47.5523539
1548,Bussnang,2319,9.0797264,47.5580779
1549,Märstetten,2817,9.0677996,47.5926085
1550,Weinfelden,11388,9.1097539,47.5669187
1551,Wigoltingen,2438,9.0320675,47.5967195
1552,Arbedo-Castione,5039,9.071217516079447,46.20747145
1553,Bellinzona,43181,9.0205888,46.1920538
1554,Cadenazzo,2932,8.945870300000003,46.15096970000001
1555,Isone,378,8.9852131,46.1291562
1556,Lumino,1470,9.0672648,46.2318743
1557,Sant'Antonino,2513,8.9743579,46.1532456
1558,Acquarossa,1850,8.942283300000003,46.4550268
1559,Blenio,1826,8.9359274,46.50114620000001
1560,Serravalle,2071,9.038425223614416,46.43371525000001
1561,Airolo,1527,8.6086045,46.5290309
1562,Bedretto,109,8.510248599999999,46.5061841
1563,Bodio,1031,8.9105754,46.3794364
1564,Dalpe,186,8.7748127,46.4731184
1565,Faido,2949,8.8005039,46.4780735
1566,Giornico,873,8.8766129,46.4017493
1567,Personico,344,8.917846899999997,46.3702448
1568,Pollegio,757,8.943447500000003,46.3649243
1569,Prato (Leventina),413,8.756419453020714,46.48289920000001
1570,Quinto,1044,8.711538000000001,46.5109139
1571,Ascona,5534,8.7707865,46.1554222
1572,Brione (Verzasca),190,8.790704,46.2964054
1573,Brione sopra Minusio,488,8.8132035,46.1832076
1574,Brissago,1758,8.7121456,46.1200663
1575,Corippo,12,8.8410207,46.2358454
1576,Frasco,107,8.804355000000003,46.3377617
1577,Gordola,4673,8.8633895,46.1813937
1578,Lavertezzo,1329,8.8385753,46.259202
1579,Locarno,16012,8.795421699999999,46.1695112
1580,Losone,6622,8.763361900000001,46.1679841
1581,Mergoscia,216,8.847195800000001,46.2106544
1582,Minusio,7226,8.8118196,46.1755251
1583,Muralto,2713,8.8011979,46.1737791
1584,Orselina,735,8.7956508,46.177814700000006
1585,Ronco sopra Ascona,608,8.726342599999999,46.143336700000006
1586,Sonogno,88,8.7863269,46.3503084
1587,Tenero-Contra,3108,8.8453084,46.1841146
1588,Vogorno,279,8.859806800000003,46.2226476
1589,Onsernone,693,8.588089,46.201294
1590,Cugnasco-Gerra,2877,8.915500199999997,46.1773489
1591,Terre di Pedemonte,2598,8.723846817942151,46.1914811
1592,Centovalli,1151,8.657803792947746,46.15545525
1593,Gambarogno,5137,8.8344739,46.1339979
1594,Agno,4480,8.9002207,45.9968592
1595,Aranno,375,8.870054099999997,46.0171502
1596,Arogno,1011,8.986510699999998,45.9596383
1597,Astano,303,8.815939300000002,46.0126033
1598,Bedano,1542,8.9196673,46.05086729999999
1599,Bedigliora,634,8.840805,46.00258710000001
1600,Bioggio,2647,8.907616699999998,46.0141052
1601,Bissone,926,8.9651807,45.9506538
1602,Brusino Arsizio,485,8.9374894,45.9271834
1603,Cademario,796,8.894257699999997,46.0211947
1604,Cadempino,1507,8.9314621,46.0333917
1605,Canobbio,2116,8.9670996,46.0349781
1606,Caslano,4330,8.883654400000003,45.9708722
1607,Comano,2032,8.9533252,46.0380727
1608,Croglio,854,8.841919699999998,45.9884787
1609,Cureglia,1387,8.9445412,46.0373157
1610,Curio,544,8.863112800000003,46.0020181
1611,Grancia,515,8.9274853,45.96745429999999
1612,Gravesano,1321,8.9196174,46.0414667
1613,Lamone,1780,8.9325447,46.044713
1614,Lugano,63494,8.9520281,46.0050102
1615,Magliaso,1607,8.8885442,45.9818185
1616,Manno,1338,8.9195033,46.0339885
1617,Maroggia,683,8.971350300000003,45.9328773
1618,Massagno,6268,8.944366699999998,46.01269979999999
1619,Melano,1445,8.983590199999998,45.9251448
1620,Melide,1816,8.9476217,45.95443529999999
1621,Mezzovico-Vira,1356,8.91329815757025,46.09679765
1622,Miglieglia,311,8.857031800000003,46.0243636
1623,Monteggio,891,8.8082796,45.9957611
1624,Morcote,725,8.9150466,45.9226781
1625,Muzzano,812,8.922808199999997,45.9977962
1626,Neggio,317,8.878931199999998,45.9871424
1627,Novaggio,829,8.8558506,46.0108273
1628,Origlio,1471,8.947168699999997,46.0514177
1629,Paradiso,4144,8.946197900000003,45.9897313
1630,Ponte Capriasca,1889,8.9495125,46.0599477
1631,Ponte Tresa,795,8.8590331,45.970147
1632,Porza,1580,8.953704,46.0274432
1633,Pura,1364,8.8691189,45.9850955
1634,Rovio,838,8.9884561,45.9330781
1635,Savosa,2230,8.9411402,46.0181215
1636,Sessa,682,8.8189722,45.9999141
1637,Sorengo,1779,8.9351621,46.0005701
1638,Capriasca,6660,8.9714894,46.0673692
1639,Torricella-Taverne,3053,8.924762,46.0656774
1640,Vernate,583,8.8876028,45.9949205
1641,Vezia,1947,8.936741,46.0246543
1642,Vico Morcote,382,8.9242053,45.93126289999999
1643,Collina d'Oro,4911,8.917952,45.979111
1644,Alto Malcantone,1405,8.884082199999998,46.05035460000001
1645,Monteceneri,4502,8.946838975891186,46.1085968
1646,Balerna,3345,9.0070811,45.8491908
1647,Castel San Pietro,2130,9.0085121,45.8616254
1648,Chiasso,8182,9.0290169,45.8355209
1649,Coldrerio,2927,8.9871005,45.8538378
1650,Mendrisio,14914,8.9873461,45.8709902
1651,Morbio Inferiore,4572,9.016289,45.8530469
1652,Novazzano,2365,8.9802304,45.8421175
1653,Riva San Vitale,2617,8.970547,45.9057673
1654,Stabio,4616,8.9376319,45.8499456
1655,Vacallo,3383,9.0347767,45.8473065
1656,Breggia,2033,9.059220604987498,45.88978685
1657,Biasca,6126,8.9714023,46.3606274
1658,Riviera,4192,8.98702526133579,46.30456895
1659,Bosco/Gurin,50,8.491997999999999,46.3168733
1660,Campo (Vallemaggia),53,8.496085,46.28887
1661,Cerentino,49,8.5466526,46.3055145
1662,Cevio,1177,8.601822300000002,46.3169604
1663,Linescio,48,8.5834299,46.3082283
1664,Maggia,2586,8.706678199999999,46.2470459
1665,Lavizzara,526,8.64558,46.4088642
1666,Avegno Gordevio,1479,8.766519609245975,46.2244451
1667,Aigle,10131,6.9688929,46.3179006
1668,Bex,7747,7.012388099999999,46.2513776
1669,Chessel,402,6.8944469,46.3495725
1670,Corbeyrier,437,6.959754400000001,46.3495001
1671,Gryon,1364,7.063671,46.2746628
1672,Lavey-Morcles,925,7.041464065020305,46.2073771
1673,Leysin,4032,7.0148403,46.3438701
1674,Noville,1054,6.899617599999999,46.38171120000001
1675,Ollon,7497,6.9950256999999985,46.2972426
1676,Ormont-Dessous,1115,7.072978985568089,46.3744115
1677,Ormont-Dessus,1468,7.1630702854579456,46.3425781
1678,Rennaz,843,6.9190655,46.3757048
1679,Roche (VD),1647,6.9309298,46.3610602
1680,Villeneuve (VD),5673,6.9248129,46.3965712
1681,Yvorne,1051,6.9586852,46.33171160000001
1682,Avenches,4208,7.040941,46.879575
1683,Cudrefin,1589,7.0183078,46.9560359
1684,Faoug,895,7.0740011,46.9057923
1685,Vully-les-Lacs,3086,7.010145078035546,46.9202735
1686,Bussy-sur-Moudon,208,6.810967003431728,46.6912116
1687,Chavannes-sur-Moudon,220,6.818579135905075,46.66128225
1688,Curtilles,318,6.848685799999998,46.7005524
1689,Dompierre (VD),259,6.8835369,46.7081899
1690,Hermenches,379,6.760214100000002,46.6419061
1691,Lovatens,141,6.864188900000001,46.69180520000001
1692,Lucens,4133,6.8389766000000005,46.708447
1693,Moudon,6187,6.8003478,46.6680664
1694,Prévonloup,160,6.882015700000001,46.699867
1695,Rossenges,62,6.7765557,46.65203620000001
1696,Syens,149,6.7782652,46.6456578
1697,Villars-le-Comte,142,6.7990287,46.7106452
1698,Vucherens,582,6.7769649,46.624684
1699,Corcelles-le-Jorat,458,6.740798599999999,46.6058744
1700,Ropraz,456,6.7515592,46.6153223
1701,Vulliens,516,6.792790299999999,46.6212858
1702,Champtauroz,128,6.789151,46.760598
1703,Chevroux,469,6.905392900000002,46.8898441
1704,Corcelles-près-Payerne,2443,6.968499065384532,46.84382325
1705,Grandcour,888,6.928747,46.871874700000006
1706,Henniez,359,6.883404799999999,46.7422549
1707,Missy,351,6.9698164999999985,46.8798752
1708,Payerne,9699,6.939126,46.8208047
1709,Trey,270,6.9251725,46.769255
1710,Treytorrens (Payerne),122,6.8012488907537945,46.77375075000001
1711,Villarzel,416,6.9118617,46.7478499
1712,Valbroye,3025,6.891959451206456,46.72472195
1713,Bettens,571,6.5770883,46.6275904
1714,Bournens,417,6.5633012000000015,46.6041672
1715,Boussens,982,6.5846332,46.6023159
1716,Daillens,999,6.5487115,46.62028970000001
1717,Lussery-Villars,459,6.525199400000001,46.6309961
1718,Mex (VD),720,6.5532248,46.5779644
1719,Penthalaz,3276,6.5252453,46.61132620000001
1720,Penthaz,1725,6.5403980000000015,46.597822
1721,Sullens,1004,6.5661454,46.5931372
1722,Vufflens-la-Ville,1284,6.5386727,46.5783726
1723,Assens,1069,6.6225936,46.61278710000001
1724,Bercher,1217,6.708974799999999,46.6920285
1725,Bioley-Orjulaz,491,6.5984553,46.6211356
1726,Bottens,1262,6.6607269,46.6169088
1727,Bretigny-sur-Morrens,823,6.640642999999999,46.596563
1728,Cugy (VD),2735,6.6404485,46.5842947
1729,Echallens,5732,6.6346951,46.63811629999999
1730,Essertines-sur-Yverdon,981,6.650684419149635,46.7212515
1731,Etagnières,1117,6.6134167,46.6001382
1732,Fey,703,7.269050900000001,46.1864676
1733,Froideville,2557,6.6816355,46.60124329999999
1734,Morrens (VD),1090,6.626788499999999,46.5904805
1735,Oulens-sous-Echallens,578,6.5781518,46.6433334
1736,Pailly,543,6.6745,46.7013191
1737,Penthéréaz,418,6.6035686,46.6818849
1738,Poliez-Pittet,850,6.682649499999999,46.6277599
1739,Rueyres,256,6.6926541,46.6937921
1740,Saint-Barthélemy (VD),771,6.6020024830358945,46.63489555
1741,Villars-le-Terroir,1151,6.6387429,46.6569364
1742,Vuarrens,1003,6.6475677,46.68632570000001
1743,Montilliez,1731,6.683500411997131,46.64512105
1744,Goumoëns,1110,6.604489108082629,46.6588604
1745,Boulens,378,6.7192139000000015,46.68105900000001
1746,Ogens,304,6.722773700000001,46.7111659
1747,Montanaire,2596,6.760946481366602,46.6941453
1748,Jorat-Menthue,1529,6.7192073219848165,46.6305367
1749,Oppens,194,6.692342900000001,46.714312
1750,Bonvillars,497,6.6706023000000005,46.83757429999999
1751,Bullet,644,6.5546431,46.8309314
1752,Champagne,1027,6.6580976,46.8302611
1753,Concise,970,6.720519900000001,46.8511242
1754,Corcelles-près-Concise,377,6.7079314,46.8480696
1755,Fiez,425,6.624002900000002,46.8280744
1756,Fontaines-sur-Grandson,210,6.6193942,46.8353764
1757,Giez,421,6.6177511,46.8117633
1758,Grandevent,229,6.6065632,46.8388002
1759,Grandson,3280,6.641753200000001,46.8086306
1760,Mauborget,119,6.6146584000000015,46.8558706
1761,Mutrux,163,6.7261849,46.88252070000001
1762,Novalles,101,6.5956886,46.8284542
1763,Onnens (VD),476,6.6884926999999985,46.8391148
1764,Provence,388,6.727027099999999,46.8914636
1765,Sainte-Croix,4916,6.500928599999999,46.822522
1766,Tévenon,844,6.6382256331379015,46.8648032
1767,L'Abergement,237,6.4886777,46.7537886
1768,Agiez,314,6.508106,46.7199018
1769,Arnex-sur-Orbe,641,6.5187517,46.6941594
1770,Ballaigues,1092,6.4132441,46.7305278
1771,Baulmes,1056,6.5212523,46.7903981
1772,Bavois,926,6.5651634,46.6853078
1773,Bofflens,192,6.4989467,46.70455689999999
1774,Bretonnières,262,6.4734908,46.7122384
1775,Chavornay,4903,6.5693871,46.706261
1776,Les Clées,181,6.4626883,46.7320659
1777,Croy,379,6.4771721,46.6945678
1778,Juriens,309,6.4500103,46.69114310000001
1779,Lignerolle,416,6.4559997000000005,46.7407875
1780,Montcherand,481,6.5102099,46.7330803
1781,Orbe,6987,6.5317943,46.724144
1782,La Praz,161,6.4272029,46.66752570000001
1783,Premier,210,6.444282,46.7047978
1784,Rances,485,6.5300272,46.7602787
1785,Romainmôtier-Envy,550,6.467680350025152,46.68256535
1786,Sergey,137,6.4995735,46.7505419
1787,Valeyres-sous-Rances,629,6.5249548,46.7528278
1788,Vallorbe,3851,6.3790105000000015,46.7120498
1789,Vaulion,485,6.3894066,46.68835470000001
1790,Vuiteboeuf,584,6.5493754,46.807388
1791,L'Abbaye,1493,6.3186169,46.6492716
1792,Le Chenit,4597,6.2337695,46.6046637
1793,Le Lieu,868,6.280313,46.6462186
1794,Belmont-sur-Yverdon,378,6.624160400000001,46.7454798
1795,Bioley-Magnoux,225,6.7108156,46.7255605
1796,Chamblon,533,6.604411200000001,46.7772764
1797,Champvent,674,6.5726094,46.78280520000001
1798,Chavannes-le-Chêne,298,6.7780279000000005,46.7768814
1799,Chêne-Pâquier,138,6.7684976,46.771165
1800,Cheseaux-Noréaz,703,6.6718258000000015,46.7820326
1801,Cronay,380,6.6966405,46.7571842
1802,Cuarny,240,6.688442200000001,46.77003679999999
1803,Démoret,146,6.757024900000001,46.7466929
1804,Donneloye,809,6.7155281,46.744325
1805,Ependes (VD),361,6.6083432,46.7431583
1806,Mathod,616,6.5647296000000015,46.7667908
1807,Molondin,232,6.7492454,46.760676200000006
1808,Montagny-près-Yverdon,716,6.611790400000001,46.7914576
1809,Orges,336,6.5875324000000015,46.8082246
1810,Orzens,194,6.6830459000000015,46.7239217
1811,Pomy,785,6.6663747,46.7609575
1812,Rovray,186,6.7644976,46.7849701
1813,Suchy,604,6.5994077,46.7232325
1814,Suscévaz,200,6.5780348,46.7642362
1815,Treycovagnes,451,6.6092758,46.7738784
1816,Ursins,218,6.6682960000000016,46.734894
1817,Valeyres-sous-Montagny,705,6.6105655,46.7983693
1818,Valeyres-sous-Ursins,239,6.6552539999999984,46.7458204
1819,Villars-Epeney,106,6.6969935,46.7817278
1820,Vugelles-La Mothe,122,6.5760606436542455,46.82542700000001
1821,Yverdon-les-Bains,30143,6.640915799999998,46.7785711
1822,Yvonand,3349,6.744502099999999,46.7983158
1823,Cheseaux-sur-Lausanne,4357,6.599124803950971,46.58428235
1824,Epalinges,9333,6.6726245,46.547327
1825,Jouxtens-Mézery,1469,6.598068799999999,46.5532677
1826,Lausanne,138905,6.6327025,46.5218269
1827,Le Mont-sur-Lausanne,8097,6.639731595932879,46.55891525
1828,Romanel-sur-Lausanne,3298,6.6055577,46.5621173
1829,Belmont-sur-Lausanne,3655,6.6800519,46.5200729
1830,Paudex,1481,6.6732336,46.505689200000006
1831,Pully,18160,6.661747599999999,46.5098019
1832,Chexbres,2255,6.780302099999999,46.4809505
1833,Forel (Lavaux),2083,6.768362465867134,46.53691920000001
1834,Lutry,9986,6.6867879,46.5032766
1835,Puidoux,2902,6.782391400000002,46.5008111
1836,Rivaz,352,6.778640299999998,46.47627720000001
1837,Saint-Saphorin (Lavaux),395,6.791873230318228,46.48091155
1838,Savigny,3348,6.7316194000000005,46.5384249
1839,Bourg-en-Lavaux,5285,6.7321748804798105,46.50476465
1840,Essertes,347,6.7894493,46.5623795
1841,Maracon,475,6.8727444,46.5500232
1842,Montpreveyres,647,6.740799000000001,46.581339
1843,Servion,1901,6.784503900000002,46.5767948
1844,Oron,5461,6.82736275700439,46.55583515
1845,Jorat-Mézières,2847,6.776427515188503,46.5967734
1846,Apples,1440,6.426765799999999,46.55167270000001
1847,Aubonne,3263,6.3915748,46.4952916
1848,Ballens,524,6.3750843,46.5542745
1849,Berolle,301,6.337324099999999,46.5583845
1850,Bière,1572,6.3337235,46.5373773
1851,Bougy-Villars,481,6.3545367,46.4787593
1852,Féchy,896,6.3747532,46.4786555
1853,Gimel,2016,6.3070695,46.5088102
1854,Mollens (VD),300,6.3634849,46.577232
1855,Montherod,532,6.367545,46.4998683
1856,Saint-Livres,682,6.3865672,46.5088701
1857,Saint-Oyens,365,6.306399400000001,46.49802929999999
1858,Saubraz,423,6.3302084,46.5145609
1859,La Chaux (Cossonay),421,6.4681892550429065,46.6238688
1860,Chavannes-le-Veyron,141,6.4509017,46.60645
1861,Chevilly,298,6.4771672,46.642766
1862,Cossonay,3813,6.508938,46.613820200000006
1863,Cottens (VD),478,6.4532750543922575,46.57398425
1864,Cuarnens,479,6.4382631,46.6248084
1865,Dizy,229,6.4949895999999985,46.6348867
1866,Eclépens,1093,6.5285061,46.65150070000001
1867,Ferreyres,321,6.4860425,46.6577788
1868,Gollion,917,6.5088361,46.5852339
1869,Grancy,403,6.4649462,46.5915221
1870,L'Isle,1000,6.411704,46.6187582
1871,Mauraz,60,6.4227461,46.6054096
1872,Moiry,313,6.455231200000001,46.64856939999999
1873,Mont-la-Ville,418,6.4077926,46.645546
1874,Montricher,986,6.375822,46.60017620000001
1875,Orny,357,6.5256309,46.6676263
1876,Pampigny,1126,6.4284521,46.5806506
1877,Pompaples,853,6.5106833,46.6666443
1878,La Sarraz,2596,6.5124448,46.6590583
1879,Senarclens,505,6.4868169,46.6004691
1880,Sévery,233,6.4388219000000015,46.5758446
1881,Aclens,544,6.5107599999999985,46.5680294
1882,Bremblens,547,6.51777,46.54616770000001
1883,Buchillon,641,6.4230108,46.4702466
1884,Bussy-Chardonney,374,6.4419818,46.5291113
1885,Chigny,338,6.4773257000000015,46.5201861
1886,Clarmont,189,6.4501584,46.5474321
1887,Denens,774,6.4564786,46.518323
1888,Denges,1617,6.5402546,46.5241679
1889,Echandens,2762,6.5410474,46.534381
1890,Echichens,2706,6.4978862,46.52655410000001
1891,Etoy,2919,6.4193113,46.4860906
1892,Lavigny,1012,6.4045912000000005,46.5011843
1893,Lonay,2491,6.5206068,46.5265684
1894,Lully (VD),794,6.4647302,46.50525870000001
1895,Lussy-sur-Morges,668,6.4508849,46.5028627
1896,Morges,15838,6.498317,46.5093268
1897,Préverenges,5286,6.526853,46.516083
1898,Reverolle,382,6.438487599999998,46.5416336
1899,Romanel-sur-Morges,469,6.5101067000000015,46.55642879999999
1900,Saint-Prex,5682,6.4586004,46.4809059
1901,Tolochenaz,1879,6.473453900000001,46.5047001
1902,Vaux-sur-Morges,199,6.463826999999998,46.5353976
1903,Villars-sous-Yens,614,6.4286538,46.5102444
1904,Vufflens-le-Château,884,6.4690909,46.5264596
1905,Vullierens,499,6.4816261,46.5730401
1906,Yens,1386,6.4180806,46.518837
1907,Allaman,438,6.3961739999999985,46.4707776
1908,Longirod,469,6.2581282,46.4943826
1909,Marchissy,454,6.246831299999998,46.4880203
1910,Saint-George,1028,6.2602719,46.5138321
1911,Arnex-sur-Nyon,224,6.1913819000000005,46.3759907
1912,Arzier-Le Muids,2656,6.208069,46.4599808
1913,Bassins,1351,6.2316394,46.464053
1914,Begnins,1910,6.2471998,46.4424616
1915,Bogis-Bossey,910,6.164814700000001,46.3515732
1916,Borex,1129,6.1777222,46.379071
1917,Chavannes-de-Bogis,1306,6.162579599999999,46.3446425
1918,Chavannes-des-Bois,962,6.132561,46.3147141
1919,Chéserex,1220,6.1737875,46.3997632
1920,Coinsins,483,6.2359205,46.4245995
1921,Commugny,2848,6.1757684,46.3182308
1922,Coppet,3152,6.1927752,46.3164464
1923,Crans-près-Céligny,2182,6.2058302,46.3579285
1924,Crassier,1153,6.164548,46.374331
1925,Duillier,1080,6.235451,46.4097312
1926,Eysins,1601,6.2042595999999985,46.3807218
1927,Founex,3796,6.1943733,46.3338174
1928,Genolier,1937,6.2178235,46.4350251
1929,Gingins,1210,6.1779167,46.4094508
1930,Givrins,989,6.2017676,46.4289779
1931,Gland,13078,6.2675845,46.42129129999999
1932,Grens,381,6.1916774000000006,46.3937213
1933,Mies,2050,6.1723029,46.3060321
1934,Nyon,20533,6.2402791,46.3820585
1935,Prangins,4072,6.2487871,46.3947976
1936,La Rippe,1167,6.1504437,46.3815133
1937,Saint-Cergue,2547,6.158111,46.4460968
1938,Signy-Avenex,566,6.204629958017282,46.3925164
1939,Tannay,1595,6.1757000999999985,46.3089604
1940,Trélex,1402,6.2048987,46.414967
1941,Le Vaud,1274,6.2355007,46.4774891
1942,Vich,1022,6.2489686,46.4299571
1943,Bursinel,487,6.3053467,46.438423
1944,Bursins,738,6.290636900000001,46.4515535
1945,Burtigny,359,6.2567707000000015,46.4687203
1946,Dully,639,6.2957383,46.4304617
1947,Essertines-sur-Rolle,691,6.3037175615185745,46.48113285
1948,Gilly,1309,6.2969883,46.45751110000001
1949,Luins,605,6.271154,46.442819
1950,Mont-sur-Rolle,2708,6.3365929,46.470957
1951,Perroy,1508,6.3642905,46.4681469
1952,Rolle,6218,6.3380469,46.4601563
1953,Tartegnin,235,6.3156804000000015,46.46665520000001
1954,Vinzel,370,6.2793859,46.4476073
1955,Crissier,8037,6.577250099999999,46.5538658
1956,Prilly,12110,6.6055827,46.534566
1957,Renens (VD),21036,6.592844199999999,46.5349093
1958,Bussigny,8645,6.553744999999998,46.5512503
1959,Chavannes-près-Renens,7649,6.572669800000001,46.52852120000001
1960,Ecublens (VD),12488,6.5620735,46.5261672
1961,Saint-Sulpice (VD),4508,6.5580607,46.5100832
1962,Villars-Sainte-Croix,934,6.5616074000000015,46.5675877
1963,Château-d'Oex,3433,7.130560000000001,46.4739581
1964,Rossinière,543,7.083061,46.4675176
1965,Rougemont,889,7.2106992,46.48999910000001
1966,Blonay,6190,6.8951981,46.46503970000001
1967,Chardonne,2914,6.8271259,46.4770903
1968,Corseaux,2278,6.8320070999999984,46.4722747
1969,Corsier-sur-Vevey,3401,6.8436857999999985,46.4705779
1970,Jongny,1550,6.8418378,46.4788533
1971,Montreux,26574,6.9129921,46.4310831
1972,Saint-Légier-La Chiésaz,5163,6.8759701,46.4722777
1973,La Tour-de-Peilz,11752,6.8569063,46.4537524
1974,Vevey,19827,6.8418655,46.46029779999999
1975,Veytaux,868,6.9275648,46.4215725
1976,Brig-Glis,13109,7.975308373361106,46.28873245
1977,Eggerberg,340,7.8780148,46.3064931
1978,Naters,9983,7.9884511,46.3242659
1979,Ried-Brig,2092,8.0166829,46.3150269
1980,Simplon,304,8.05272877353362,46.19746215
1981,Termen,913,8.0227013,46.3283973
1982,Zwischbergen,77,8.116485899999999,46.1621804
1983,Ardon,3137,7.2576644,46.2103405
1984,Chamoson,3787,7.2232538,46.2013342
1985,Conthey,8691,7.3044209,46.22797960000001
1986,Nendaz,6595,7.3051008,46.1867083
1987,Vétroz,6268,7.2812893,46.2253413
1988,Bagnes,8100,7.3070054733825565,46.00998095
1989,Bourg-Saint-Pierre,181,7.2088271,45.94892520000001
1990,Liddes,767,7.186524499999999,45.99170150000001
1991,Orsières,3190,7.1453627000000015,46.0300676
1992,Sembrancher,1034,7.151715299999998,46.07848320000001
1993,Vollèges,2001,7.1697258,46.0880053
1994,Bellwald,389,8.1599477,46.4237017
1995,Binn,140,8.1843739,46.3645702
1996,Ernen,501,8.1460083,46.3988816
1997,Fiesch,918,8.1341501,46.402946
1998,Fieschertal,334,8.142786200000002,46.4245701
1999,Lax,308,8.1195682,46.38887570000001
2000,Obergoms,662,8.36323224818803,46.5388107
2001,Goms,1203,8.240995076359688,46.4687737
2002,Ayent,3975,7.416642296150059,46.3190236
2003,Evolène,1701,7.4958022,46.1129048
2004,Hérémence,1391,7.4057866,46.1807413
2005,Saint-Martin (VS),829,7.468806295292659,46.15354695
2006,Vex,1820,7.3983622,46.2113825
2007,Mont-Noble,1068,7.4622952616977,46.20301420000001
2008,Agarn,763,7.6652777,46.2967076
2009,Albinen,243,7.6337277000000014,46.34064420000001
2010,Ergisch,188,7.7148033,46.292777
2011,Inden,107,7.616997200000001,46.3440813
2012,Leuk,3926,7.6353323,46.317041
2013,Leukerbad,1413,7.6264761,46.3795175
2014,Oberems,124,7.695783500000001,46.2816939
2015,Salgesch,1511,7.5699409,46.3116136
2016,Varen,625,7.607802900000001,46.3186626
2017,Guttet-Feschel,418,7.674416465558697,46.3507092
2018,Gampel-Bratsch,1964,7.726377252125058,46.336953
2019,Turtmann-Unterems,1106,7.714041577339781,46.1619827
2020,Bovernier,911,7.0868391000000015,46.0799974
2021,Charrat,1799,7.1347402,46.1220633
2022,Fully,8737,7.114654400000001,46.1390008
2023,Isérables,827,7.244521400000001,46.1621386
2024,Leytron,3173,7.206810799999999,46.18595429999999
2025,Martigny,18174,7.072735400000001,46.103115
2026,Martigny-Combe,2297,7.037021706941498,46.06708875
2027,Riddes,3079,7.2227717999999985,46.1718974
2028,Saillon,2574,7.1849064,46.171705
2029,Saxon,5774,7.1807405,46.1452873
2030,Trient,183,6.9953742,46.0559487
2031,Champéry,1342,6.8687665,46.1756791
2032,Collombey-Muraz,9018,6.924639906183544,46.28695620000001
2033,Monthey,17563,6.9478171,46.2528521
2034,Port-Valais,3995,6.862287669574162,46.37206629999999
2035,Saint-Gingolph,963,6.816906103131232,46.37071065
2036,Troistorrents,4602,6.9161978,46.2285806
2037,Val-d'Illiez,1888,6.8931923,46.2041429
2038,Vionnaz,2646,6.8999588,46.3112229
2039,Vouvry,4138,6.8887175,46.3372451
2040,Bister,32,8.0664825,46.3625983
2041,Bitsch,976,8.0136014,46.3374019
2042,Grengiols,432,8.092535,46.3729638
2043,Riederalp,481,8.0331353,46.3781714
2044,Ausserberg,623,7.8525781000000014,46.3153094
2045,Blatten,294,7.856841022635652,46.44363110000001
2046,Bürchen,715,7.8163190999999985,46.28056760000001
2047,Eischoll,438,7.7812180999999985,46.2936189
2048,Ferden,251,7.759179899999999,46.3942848
2049,Kippel,331,7.771716400000002,46.3991936
2050,Niedergesteln,703,7.7818042,46.3130055
2051,Raron,1930,7.799589,46.30993400000001
2052,Unterbäch,421,7.7999493000000015,46.28527490000001
2053,Wiler (Lötschen),571,7.784841171163403,46.40830695
2054,Mörel-Filet,678,8.049275953642391,46.3494652
2055,Steg-Hohtenn,1569,7.76810784561806,46.3347806
2056,Bettmeralp,449,8.062882499999999,46.3905995
2057,Collonges,780,7.0347121,46.1714906
2058,Dorénaz,930,7.0435276,46.1479018
2059,Evionnaz,1260,7.0225695,46.1794464
2060,Finhaut,387,6.9765238,46.082805
2061,Massongex,1802,6.9879674,46.2427711
2062,Saint-Maurice,4595,7.007179656458048,46.20294015
2063,Salvan,1374,7.0208326,46.1219825
2064,Vernayaz,1886,7.0393423,46.1365416
2065,Vérossaz,748,6.98412,46.2128879
2066,Chalais,3528,7.5085408,46.2654381
2067,Chippis,1580,7.5406261,46.2805414
2068,Grône,2411,7.458238400000001,46.251007
2069,Icogne,565,7.4391182,46.2907802
2070,Lens,4162,7.446162599999999,46.27989520000001
2071,Miège,1348,7.5473724,46.3111768
2072,Saint-Léonard,2316,7.420377999999999,46.2546777
2073,Sierre,16860,7.532319500000002,46.29225220000001
2074,Venthône,1264,7.529103900000001,46.3068156
2075,Veyras,1832,7.5366727,46.3031568
2076,Anniviers,2721,7.5918568015999774,46.15338045
2077,Crans-Montana,10565,7.526435803722133,46.3304899
2078,Arbaz,1259,7.383455499999998,46.273328
2079,Grimisuat,3330,7.385846000000001,46.2606742
2080,Savièse,7594,7.347759799999999,46.2535351
2081,Sion,34599,7.363705184783202,46.23021515
2082,Veysonnaz,613,7.336326700000001,46.195508200000006
2083,Baltschieder,1324,7.8646512,46.3079079
2084,Eisten,197,7.8949076,46.1988458
2085,Embd,301,7.8283567,46.215848
2086,Grächen,1293,7.8421612,46.19601779999999
2087,Lalden,669,7.900266,46.300193
2088,Randa,444,7.7828107000000015,46.100229
2089,Saas-Almagell,377,7.9582333,46.0938913
2090,Saas-Balen,349,7.9281921,46.1540205
2091,Saas-Fee,1597,7.924705499999999,46.107342
2092,Saas-Grund,1027,7.937005099999999,46.1278436
2093,St. Niklaus,2227,7.802516000000002,46.177002
2094,Stalden (VS),1101,7.894013451142511,46.23209535
2095,Staldenried,543,7.8833886,46.2296157
2096,Täsch,1295,7.7770173,46.0676751
2097,Törbel,470,7.851508,46.2385196
2098,Visp,7891,7.881191800000002,46.2913113
2099,Visperterminen,1351,7.9030118,46.2589888
2100,Zeneggen,282,7.8656201,46.2731779
2101,Zermatt,5643,7.749400200000001,46.0222273
2102,Bevaix,3784,6.8105995,46.9297213
2103,Boudry,6124,6.8358712,46.9487464
2104,Corcelles-Cormondrèche,4740,6.8688571,46.9852153
2105,Cortaillod,4774,6.8458944000000015,46.9432319
2106,Fresens,252,6.747402,46.8883144
2107,Gorgier,2021,6.7805424,46.9035345
2108,Montalchez,240,6.7445526,46.8975698
2109,Peseux,5825,6.8906893,46.988693100000006
2110,Rochefort,1266,6.806903985434066,46.98671595
2111,Saint-Aubin-Sauges,2399,6.773747900000001,46.894585
2112,Vaumarcus,268,6.752500200000001,46.8772258
2113,Milvignes,9008,6.849184536849193,46.96998515
2114,La Chaux-de-Fonds,38625,6.832577799999998,47.1031321
2115,Les Planchettes,205,7.254259599999998,47.20731370000001
2116,La Sagne,966,6.7984212,47.0385519
2117,Les Brenets,1048,6.705986,47.06785900000001
2118,La Brévine,627,6.6070172000000005,46.9801928
2119,Brot-Plamboz,263,6.7528890836847175,46.98803565
2120,Le Cerneux-Péquignot,317,6.6652883,47.0166187
2121,La Chaux-du-Milieu,495,6.703056200000002,47.0135381
2122,Le Locle,10389,6.745454,47.0555907
2123,Les Ponts-de-Martel,1275,6.731710799999999,46.9990848
2124,Cornaux,1586,7.0188055999999985,47.0383306
2125,Cressier (NE),1873,7.0357395999999985,47.0508386
2126,Enges,274,7.0133883,47.0562668
2127,Hauterive (NE),2650,6.972712,47.0133299
2128,Le Landeron,4647,7.0702155,47.0554312
2129,Lignières,952,7.0661591,47.0828386
2130,Neuchâtel,33578,6.9292641,46.9895828
2131,Saint-Blaise,3230,6.9879482999999984,47.0130836
2132,La Tène,4954,7.0214191591728525,47.01635155
2133,Valangin,504,6.9072693,47.0158507
2134,Val-de-Ruz,16907,6.909906355958217,47.05677945
2135,La Côte-aux-Fées,435,6.4886238,46.8666659
2136,Les Verrières,718,6.4820688,46.904458
2137,Val-de-Travers,10745,6.582627570788064,46.918820600000004
2138,Aire-la-Ville,1169,6.0428776,46.1905919
2139,Anières,2456,6.2234115,46.2760802
2140,Avully,1763,6.0013516,46.1695458
2141,Avusy,1434,5.9947436,46.1516784
2142,Bardonnex,2215,6.1051191,46.1499139
2143,Bellevue,3322,6.154317,46.255
2144,Bernex,10007,6.072181099999999,46.1746582
2145,Carouge (GE),22336,6.1396839000000005,46.1846691
2146,Cartigny,956,6.021701,46.17366989999999
2147,Céligny,787,6.1949435,46.3505844
2148,Chancy,1691,5.9726238,46.14947479999999
2149,Chêne-Bougeries,11862,6.1854072,46.1963639
2150,Chêne-Bourg,8708,6.1934779,46.1942388
2151,Choulex,1149,6.2242767,46.2231863
2152,Collex-Bossy,1687,6.12093266174688,46.27917195000001
2153,Collonge-Bellerive,8126,6.2045928,46.25374179999999
2154,Cologny,5531,6.1817613,46.21639620000001
2155,Confignon,4618,6.0851643,46.17424860000001
2156,Corsier (GE),2071,6.2250187000000015,46.2626753
2157,Dardagny,1861,5.9949629,46.1947568
2158,Genève,200548,6.1466014000000015,46.2017559
2159,Genthod,2779,6.1570636,46.2644177
2160,Le Grand-Saconnex,12131,6.126532,46.2363321
2161,Gy,481,6.2582938,46.252665
2162,Hermance,1036,6.2437346,46.3021881
2163,Jussy,1294,6.2691550000000005,46.2367629
2164,Laconnex,682,6.0360307,46.155596
2165,Lancy,31942,6.1224047,46.1839156
2166,Meinier,2141,6.2333553,46.2467188
2167,Meyrin,24144,6.071201599999998,46.22832260000001
2168,Onex,18977,6.1001084,46.1836866
2169,Perly-Certoux,3074,6.087978823754371,46.15840315
2170,Plan-les-Ouates,10697,6.1178870000000005,46.16831129999999
2171,Pregny-Chambésy,3970,6.153230952622181,46.2380576
2172,Presinge,687,6.25636,46.2191549
2173,Puplinge,2430,6.231707,46.2106389
2174,Russin,548,6.0130297,46.1876287
2175,Satigny,4109,6.0330885,46.2157703
2176,Soral,822,6.0418097,46.1430507
2177,Thônex,14091,6.1983858,46.1884304
2178,Troinex,2412,6.147819,46.1616537
2179,Vandoeuvres,2504,6.2024623,46.2214083
2180,Vernier,35132,6.081575599999999,46.2131843
2181,Versoix,13329,6.168958,46.27675720000001
2182,Veyrier,11540,6.185681,46.1668163
2183,Boécourt,915,7.2140576,47.3489482
2184,Bourrignon,261,7.245025999999998,47.3966596
2185,Châtillon (JU),481,7.343772099999999,47.3275306
2186,Corban,481,7.4756211,47.34651289999999
2187,Courchapoix,430,7.456199900000001,47.3489876
2188,Courrendlin,2995,7.3735698,47.3392989
2189,Courroux,3265,7.3782917,47.359922
2190,Courtételle,2582,7.3162671,47.341868700000006
2191,Delémont,12625,7.354039,47.3619609
2192,Develier,1385,7.291072099999999,47.35672720000001
2193,Ederswiler,120,7.334708999999998,47.425687
2194,Mervelier,490,7.498497099999999,47.34382100000001
2195,Mettembert,105,7.3220141,47.3981573
2196,Movelier,420,7.3180391,47.4093561
2197,Pleigne,353,7.292424,47.4074958
2198,Rebeuvelier,386,7.4151819,47.3244305
2199,Rossemaison,641,7.3431762,47.3457776
2200,Saulcy,265,7.154024900000001,47.30161320000001
2201,Soyhières,448,7.369685499999999,47.390073
2202,Vellerat,67,7.371019199999999,47.31912120000001
2203,Haute-Sorne,6928,7.228768571809045,47.3244146
2204,Val Terbi,2698,7.420626589941027,47.341103000000004
2205,Le Bémont (JU),314,7.032777419133216,47.26197310000001
2206,Les Bois,1248,6.9049147,47.1763121
2207,Les Breuleux,1536,7.0054836,47.2115671
2208,La Chaux-des-Breuleux,89,7.0275091,47.222708
2209,Les Enfers,138,7.047358,47.2885745
2210,Les Genevez (JU),499,7.1151450879315865,47.25321315
2211,Lajoux (JU),664,7.1359592,47.2790114
2212,Montfaucon,623,7.051291900000002,47.2822194
2213,Muriaux,493,6.9794762000000015,47.246007
2214,Le Noirmont,1856,6.956761200000001,47.2243743
2215,Saignelégier,2558,6.9963585,47.2557997
2216,Saint-Brais,226,7.1125855,47.30530220000001
2217,Soubey,132,7.048646799999998,47.3082434
2218,Alle,1832,7.1291258,47.4258096
2219,Beurnevésin,119,7.1363556,47.4924898
2220,Boncourt,1211,7.0127433,47.4979359
2221,Bonfol,662,7.1523017000000015,47.4767014
2222,Bure,659,7.0059901,47.4422662
2223,Coeuve,733,7.097591900000001,47.454155
2224,Cornol,1018,7.1612963,47.4073679
2225,Courchavon,293,7.0570937,47.4407708
2226,Courgenay,2302,7.1242961,47.4045434
2227,Courtedoux,782,7.0417935,47.41021
2228,Damphreux,184,7.1023282000000005,47.4757553
2229,Fahy,361,6.9505047000000015,47.4184563
2230,Fontenais,1678,7.076176357620086,47.3893866
2231,Grandfontaine,388,6.9395757,47.39133560000001
2232,Lugnez,190,7.0981378,47.4829124
2233,Porrentruy,6809,7.0761342,47.4171297
2234,Rocourt,156,6.9569559000000005,47.3905037
2235,Vendlincourt,557,7.1485023000000005,47.4512425
2236,Basse-Allaine,1212,7.0362190940980005,47.47124
2237,Clos du Doubs,1303,7.120852845318147,47.34930715
2238,Haute-Ajoie,948,6.983304703149401,47.3863988
2239,La Baroche,1176,7.204390435685434,47.40805085
